#Δx/mm, I/0.1μA, Einzelspalt
-13.0 0.07
-12.5 0.09
-12.0 0.11
-11.25 0.13
-10.75 0.135
-10.25 0.135
-9.5 0.11
-9.0 0.08
-8.75 0.078
-8.5 0.065
-8.25 0.053
-8 0.04
-7.5 0.026
-7.0 0.028
-6.5 0.05
-6.25 0.07
-6.0 0.1
-5.75 0.14
-5.5 0.18
-5.25 0.2
-5.0 0.25
-4.75 0.3
-4.5 0.35
-4.25 0.5
-4.0 0.55
-3.75 0.65
-3.5 0.75
-3.25 0.9
-3.0 1.0
-2.75 1.1
-2.25 1.4
-1.5 1.65
-0.75 1.95
0.0 2.25
0.75 2.15
1.5 2.15
2.25 1.9
2.75 1.75
3.0 1.6
3.25 1.5
3.5 1.35
3.75 1.25
4.0 1.1
4.25 1.0
4.5 0.85
4.75 0.75
5.0 0.65
5.25 0.55
5.5 0.5
5.75 0.4
6.0 0.3
6.25 0.25
6.5 0.2
7.0 0.15
7.5 0.075
8.0 0.035
8.25 0.026
8.5 0.019
8.75 0.018
9.0 0.019
9.5 0.032
10.25 0.06
10.75 0.08
11.25 0.094
12.0 0.1
12.5 0.1
13.0 0.09
