#Δx/mm, I/μA, Doppelspalt 1
-5.0 0.16
-4.6 0.125
-4.4 0.09
-4.2 0.057
-4.0 0.032
-3.8 0.02
-3.6 0.016
-3.4 0.0195
-3.2 0.03
-3.0 0.08
-2.9 0.11
-2.8 0.18
-2.6 0.35
-2.4 0.58
-2.2 0.78
-2.0 0.9
-1.8 0.89
-1.6 0.71
-1.4 0.46
-1.2 0.25
-1.0 0.15
-0.8 0.25
-0.6 0.75
-0.5 1.0
-0.25 2
0.0 2.9
0.25 3.2
0.5 2.9
0.6 2.6
0.8 2.0
1.0 1.2
1.2 0.6
1.4 0.22
1.6 0.12
1.8 0.26
2.0 0.52
2.2 0.78
2.4 0.8
2.6 0.8
2.8 0.7
2.9 0.6
3.0 0.5
3.2 0.25
3.4 0.175
3.6 0.075
3.8 0.025
4.0 0.018
4.2 0.015
4.4 0.022
4.6 0.034
5.0 0.074
5.5 0.1
