#No. 113.27
# 16660 pm 146

$SPEC_ID:
No sample description was entered.
$SPEC_REM:
DET# 1
DETDESC# PRAK01 Easy-MCA-2k SN 15071856
AP# Maestro Version 7.01
$DATE_MEA:
07/30/2002 00:41:29
$MEAS_TIM:
100 100
$DATA:
0 511
       0
       0
       0
       0
       0
       0
       0
       0
       0
       0
       0
       0
       0
       0
       0
       0
       0
       0
       6
     191
     234
     259
     268
     286
     338
     299
     306
     304
     308
     296
     346
     337
     320
     334
     344
     384
     376
     365
     374
     414
     365
     390
     387
     327
     354
     400
     355
     303
     309
     293
     307
     304
     289
     332
     309
     292
     282
     298
     297
     278
     332
     302
     292
     281
     300
     297
     310
     303
     281
     307
     311
     303
     263
     325
     295
     322
     308
     294
     279
     256
     245
     251
     235
     194
     151
     180
     161
     134
     129
     108
     121
     120
     122
     100
     108
     105
     123
     113
     112
     107
     127
     123
     128
     146
     197
     272
     357
     487
     766
    1062
    1435
    1744
    1963
    2173
    2069
    1922
    1575
    1172
     888
     604
     314
     193
     117
      41
      19
      11
       5
       4
       4
       1
       2
       4
       3
       5
       5
       2
       2
       7
       5
       1
       2
       3
       4
       4
       3
       2
       3
       2
       2
       5
       2
       1
       4
       2
       5
       4
       1
       2
       1
       4
       2
       3
       2
       1
       2
       2
       5
       2
       1
       3
       0
       1
       3
       0
       2
       1
       2
       2
       2
       5
       0
       1
       2
       0
       1
       0
       1
       0
       1
       2
       1
       1
       1
       1
       3
       1
       0
       0
       3
       1
       0
       0
       3
       1
       2
       0
       1
       2
       3
       2
       1
       1
       1
       2
       0
       0
       0
       0
       1
       3
       0
       1
       0
       3
       2
       1
       0
       1
       1
       1
       0
       2
       0
       1
       3
       3
       2
       0
       1
       2
       2
       1
       0
       2
       2
       3
       0
       0
       1
       1
       0
       0
       1
       0
       0
       1
       0
       0
       0
       0
       0
       1
       0
       0
       1
       0
       0
       0
       0
       0
       0
       1
       0
       0
       0
       0
       0
       0
       1
       0
       0
       1
       0
       0
       1
       0
       0
       0
       0
       0
       0
       0
       0
       0
       1
       0
       0
       0
       0
       0
       0
       0
       0
       0
       0
       0
       2
       0
       0
       0
       0
       0
       0
       1
       1
       0
       2
       0
       0
       0
       0
       0
       0
       0
       0
       1
       0
       1
       0
       0
       0
       0
       0
       0
       0
       0
       0
       0
       0
       0
       0
       0
       0
       0
       0
       0
       0
       1
       1
       0
       0
       1
       0
       0
       0
       0
       0
       0
       0
       0
       0
       0
       0
       0
       0
       0
       0
       0
       0
       0
       0
       0
       0
       0
       0
       0
       0
       0
       0
       0
       0
       0
       0
       0
       0
       0
       0
       0
       0
       0
       0
       0
       0
       0
       0
       0
       0
       0
       0
       0
       0
       0
       1
       0
       0
       0
       0
       0
       0
       0
       0
       0
       0
       0
       0
       0
       0
       1
       1
       0
       0
       0
       0
       0
       0
       0
       0
       0
       0
       0
       0
       0
       1
       0
       0
       0
       0
       0
       0
       0
       0
       0
       0
       0
       0
       0
       0
       0
       0
       0
       0
       0
       0
       0
       0
       0
       0
       0
       0
       0
       0
       0
       0
       0
       1
       0
       0
       0
       0
       0
       0
       0
       0
       0
       0
       0
       0
       0
       0
       0
       0
       1
       0
       0
       0
       0
       0
       0
       0
       0
       0
       0
       0
       0
       0
       0
       0
       0
       0
       0
       0
       0
       0
       0
       0
       0
       0
       0
       0
       0
       0
       0
$ROI:
1
101 125
$PRESETS:
Live Time
300
0
$ENER_FIT:
0.000000 0.000000
$MCA_CAL:
3
0.000000E+000 0.000000E+000 0.000000E+000 
$SHAPE_CAL:
3
0.000000E+000 0.000000E+000 0.000000E+000
