#no. 112.79
#4864 pm 81

$SPEC_ID:
No sample description was entered.
$SPEC_REM:
DET# 1
DETDESC# PRAK01 Easy-MCA-2k SN 15071856
AP# Maestro Version 7.01
$DATE_MEA:
07/30/2002 01:01:23
$MEAS_TIM:
300 300
$DATA:
0 511
       0
       0
       0
       0
       0
       0
       0
       0
       0
       0
       0
       0
       0
       0
       0
       0
       0
       0
       2
      74
     138
     135
     163
     153
     166
     173
     180
     175
     208
     194
     163
     180
     190
     189
     189
     205
     213
     186
     196
     216
     198
     169
     185
     175
     157
     180
     147
     145
     144
     164
     139
     141
     147
     125
     130
     133
     121
     145
     131
     136
     115
     144
     125
     115
     109
     127
     115
     116
     118
     106
     130
     119
     105
     123
     115
      89
     108
     108
     111
      84
      89
     108
      84
      67
      66
      55
      68
      42
      56
      45
      56
      43
      49
      56
      42
      39
      47
      55
      50
      49
      41
      57
      57
      71
      85
      95
     151
     218
     267
     380
     512
     583
     617
     613
     560
     506
     434
     316
     223
     137
      82
      52
      31
      22
      14
       6
       6
      11
       8
       6
       5
       4
       6
       7
      10
      10
       7
       9
       6
      12
       5
       6
       9
       7
       4
       4
       4
       6
       9
       6
       5
       3
      15
       8
       8
       5
       5
       6
       5
       6
       7
       2
       6
       6
       7
       6
       1
       5
       5
       6
       4
       5
       6
       4
       3
       1
       5
       5
       3
       6
       3
       2
       2
       6
       2
      10
       7
       5
       3
       9
       1
       8
       5
       5
       4
       5
       5
       2
       4
       6
       7
       4
       6
       8
       1
       0
       5
       4
       1
       1
       1
       3
       4
       6
       4
       1
       0
       2
       5
       2
       3
       3
       1
       2
       1
       4
       4
       5
       2
       0
       6
       2
       6
       5
       4
       8
       2
       4
       6
      10
       3
       5
       4
       1
       1
       3
       1
       0
       1
       2
       2
       1
       1
       2
       0
       0
       2
       4
       2
       0
       2
       2
       1
       0
       1
       0
       2
       1
       1
       2
       1
       1
       1
       3
       0
       1
       2
       2
       1
       0
       1
       4
       0
       0
       1
       0
       0
       0
       0
       0
       2
       0
       0
       1
       0
       1
       2
       1
       0
       0
       0
       2
       0
       0
       1
       0
       0
       1
       1
       3
       1
       0
       0
       1
       0
       0
       0
       0
       3
       0
       2
       0
       1
       1
       2
       0
       0
       1
       0
       0
       1
       1
       1
       1
       1
       1
       0
       1
       2
       0
       1
       0
       1
       2
       0
       0
       0
       3
       2
       2
       1
       2
       0
       0
       1
       0
       2
       3
       0
       0
       0
       0
       0
       3
       0
       0
       1
       0
       2
       0
       1
       0
       1
       1
       0
       1
       1
       0
       1
       0
       0
       1
       1
       1
       0
       0
       1
       0
       0
       0
       0
       0
       0
       0
       0
       0
       1
       1
       0
       0
       1
       0
       1
       0
       0
       0
       0
       2
       0
       0
       1
       0
       0
       0
       0
       1
       0
       0
       0
       0
       1
       0
       0
       0
       0
       0
       0
       1
       0
       0
       0
       1
       0
       0
       0
       0
       0
       0
       0
       0
       0
       0
       0
       0
       0
       0
       0
       0
       0
       0
       0
       0
       0
       0
       1
       0
       0
       0
       0
       0
       0
       0
       0
       0
       0
       0
       0
       0
       0
       0
       0
       0
       0
       0
       0
       0
       0
       0
       0
       0
       0
       0
       0
       0
       0
       0
       0
       0
       0
       0
       0
       0
       0
       0
       0
       0
       0
       0
       0
       0
       0
       0
       0
       0
       0
       0
       0
       0
       0
       0
       0
       0
$ROI:
1
101 125
$PRESETS:
Live Time
300
0
$ENER_FIT:
0.000000 0.000000
$MCA_CAL:
3
0.000000E+000 0.000000E+000 0.000000E+000 
$SHAPE_CAL:
3
0.000000E+000 0.000000E+000 0.000000E+000
