#no 112.57
# 24141 pm 174

$SPEC_ID:
No sample description was entered.
$SPEC_REM:
DET# 1
DETDESC# PRAK01 Easy-MCA-2k SN 15071856
AP# Maestro Version 7.01
$DATE_MEA:
07/30/2002 01:20:19
$MEAS_TIM:
200 200
$DATA:
0 511
       0
       0
       0
       0
       0
       0
       0
       0
       0
       0
       0
       0
       0
       0
       1
       0
       0
       0
      11
     333
     382
     381
     407
     402
     446
     410
     486
     486
     468
     479
     483
     487
     451
     511
     534
     548
     587
     552
     570
     577
     590
     554
     591
     525
     491
     488
     491
     510
     481
     484
     449
     433
     465
     417
     436
     442
     413
     425
     454
     426
     428
     475
     433
     416
     421
     414
     398
     428
     456
     415
     425
     469
     411
     423
     468
     472
     460
     457
     430
     432
     379
     344
     290
     272
     237
     210
     206
     199
     179
     219
     177
     167
     156
     148
     193
     164
     175
     170
     192
     176
     210
     185
     186
     246
     313
     506
     681
    1051
    1454
    1908
    2444
    2753
    3019
    3035
    2804
    2435
    1909
    1402
     956
     551
     315
     151
      63
      35
      24
       8
       9
       4
       3
       4
       5
       5
       6
       2
       4
       8
       5
       2
       8
       5
       3
       2
       3
       3
       8
       2
       3
       2
       3
       2
      10
       5
       4
       2
       5
       8
       4
       4
       2
       1
       5
       2
       0
       2
       3
       4
       8
       4
       3
       1
       2
       0
       6
       2
       2
       2
       3
       4
       1
       3
       3
       2
       3
       6
       4
       5
       4
       4
       6
       2
       2
       4
       1
       3
       2
       2
       3
       1
       3
       6
       7
       2
       1
       1
       0
       3
       1
       1
       2
       0
       0
       1
       0
       1
       1
       2
       1
       1
       0
       1
       1
       1
       1
       1
       2
       2
       2
       2
       1
       0
       3
       4
       3
       4
       5
       2
       1
       3
       5
       5
       3
       6
       0
       3
       2
       1
       1
       3
       1
       1
       3
       1
       0
       1
       1
       1
       0
       2
       0
       0
       0
       0
       0
       0
       1
       0
       1
       1
       0
       0
       0
       0
       0
       2
       0
       0
       0
       1
       0
       0
       1
       2
       0
       0
       2
       1
       1
       0
       2
       1
       0
       0
       0
       0
       2
       2
       0
       2
       1
       0
       0
       0
       1
       0
       0
       0
       1
       0
       0
       0
       0
       1
       1
       0
       0
       0
       1
       1
       0
       0
       2
       0
       3
       0
       0
       1
       1
       0
       0
       0
       0
       0
       0
       1
       0
       0
       0
       0
       1
       0
       0
       0
       0
       1
       0
       2
       0
       0
       1
       0
       0
       0
       0
       1
       1
       1
       1
       0
       0
       0
       1
       2
       0
       0
       2
       0
       0
       0
       0
       0
       0
       0
       0
       0
       0
       0
       1
       0
       1
       0
       0
       0
       0
       0
       0
       0
       1
       0
       0
       0
       0
       0
       0
       0
       0
       0
       0
       0
       1
       0
       0
       0
       0
       0
       1
       0
       1
       0
       0
       0
       0
       1
       0
       0
       0
       1
       0
       0
       2
       0
       2
       0
       2
       1
       1
       0
       0
       0
       0
       0
       0
       0
       0
       0
       0
       0
       0
       0
       0
       0
       0
       0
       1
       0
       0
       0
       0
       0
       0
       0
       0
       0
       0
       0
       0
       0
       0
       1
       0
       0
       0
       0
       0
       0
       1
       0
       0
       0
       0
       1
       0
       0
       0
       0
       0
       1
       0
       1
       0
       0
       1
       0
       0
       0
       0
       0
       0
       0
       0
       0
       0
       0
       0
       0
       0
       0
       0
       0
       0
       0
       0
       0
       0
       0
       0
       0
       0
       0
       0
       0
       0
       0
$ROI:
1
101 125
$PRESETS:
Live Time
200
0
$ENER_FIT:
0.000000 0.000000
$MCA_CAL:
3
0.000000E+000 0.000000E+000 0.000000E+000 
$SHAPE_CAL:
3
0.000000E+000 0.000000E+000 0.000000E+000
