#no 113.11
#24197 pm 176

$SPEC_ID:
No sample description was entered.
$SPEC_REM:
DET# 1
DETDESC# PRAK01 Easy-MCA-2k SN 15071856
AP# Maestro Version 7.01
$DATE_MEA:
07/30/2002 01:33:58
$MEAS_TIM:
200 200
$DATA:
0 511
       0
       0
       0
       0
       0
       0
       0
       0
       0
       0
       0
       0
       0
       0
       0
       0
       1
       0
       5
     307
     345
     386
     397
     390
     436
     401
     467
     440
     473
     489
     465
     529
     515
     526
     511
     593
     578
     639
     584
     583
     584
     589
     571
     479
     522
     496
     502
     469
     480
     471
     426
     458
     484
     444
     461
     458
     454
     449
     387
     448
     425
     442
     395
     439
     433
     411
     400
     403
     440
     420
     465
     408
     405
     445
     463
     456
     429
     429
     435
     443
     380
     342
     321
     280
     267
     243
     218
     214
     188
     168
     171
     158
     163
     172
     171
     162
     161
     194
     180
     181
     199
     184
     226
     269
     313
     417
     547
     875
    1176
    1726
    2190
    2425
    2953
    3086
    2992
    2678
    2271
    1712
    1149
     733
     453
     238
     109
      47
      29
      14
      10
       4
       3
       5
       7
       6
       3
       8
       5
       3
       2
       7
       2
       3
       5
       3
       5
       6
       5
      11
       0
       6
       4
       4
       3
       2
       3
       2
       5
       5
       1
       7
       3
       1
       5
       3
       0
       4
       2
       0
       5
       4
       2
       3
       4
       1
       2
       4
       2
       0
       4
       2
       8
       4
       3
       2
       2
       3
       2
       4
       4
       5
       4
       3
       2
       4
       0
       4
       5
       0
       1
       1
       2
       3
       2
       1
       1
       3
       2
       3
       6
       5
       4
       5
       0
       3
       0
       3
       1
       1
       3
       4
       1
       0
       1
       2
       1
       1
       0
       1
       1
       0
       7
       3
       1
       4
       1
       4
       2
       4
       3
       4
       6
       4
       2
       1
       4
       2
       2
       2
       3
       0
       2
       2
       0
       1
       3
       2
       0
       1
       1
       0
       1
       0
       2
       1
       1
       1
       0
       0
       0
       0
       2
       0
       0
       0
       0
       0
       1
       0
       1
       0
       1
       1
       1
       2
       1
       1
       1
       0
       3
       0
       0
       1
       0
       0
       0
       0
       0
       0
       0
       0
       1
       1
       1
       0
       0
       0
       0
       0
       1
       0
       1
       2
       1
       1
       0
       0
       1
       0
       0
       1
       0
       0
       0
       0
       1
       0
       1
       0
       1
       0
       0
       0
       0
       0
       1
       0
       0
       0
       0
       0
       1
       0
       0
       1
       1
       0
       0
       1
       1
       0
       0
       0
       0
       1
       0
       0
       0
       0
       1
       0
       0
       1
       0
       0
       1
       1
       0
       0
       1
       0
       0
       2
       1
       0
       0
       1
       0
       0
       0
       0
       0
       0
       0
       0
       1
       0
       0
       2
       1
       0
       1
       0
       0
       0
       0
       0
       0
       1
       1
       0
       0
       0
       0
       0
       0
       0
       0
       0
       1
       0
       0
       0
       1
       0
       0
       1
       1
       0
       1
       0
       0
       2
       2
       1
       0
       0
       0
       1
       1
       1
       0
       0
       0
       1
       0
       0
       1
       0
       0
       0
       0
       0
       0
       0
       0
       0
       0
       0
       0
       0
       0
       0
       0
       0
       0
       0
       0
       0
       0
       0
       0
       0
       0
       0
       0
       0
       0
       0
       0
       0
       0
       0
       0
       1
       0
       0
       1
       0
       0
       0
       0
       0
       0
       0
       0
       0
       0
       0
       0
       0
       0
       0
       0
       0
       0
       0
       0
       0
       0
       0
       0
       0
       0
       0
       0
       0
       0
       0
       0
       0
       0
       0
       0
       0
$ROI:
1
101 125
$PRESETS:
Live Time
200
0
$ENER_FIT:
0.000000 0.000000
$MCA_CAL:
3
0.000000E+000 0.000000E+000 0.000000E+000 
$SHAPE_CAL:
3
0.000000E+000 0.000000E+000 0.000000E+000
