#no 113.19
#21479 pm 165

$SPEC_ID:
No sample description was entered.
$SPEC_REM:
DET# 1
DETDESC# PRAK01 Easy-MCA-2k SN 15071856
AP# Maestro Version 7.01
$DATE_MEA:
07/30/2002 01:27:07
$MEAS_TIM:
200 200
$DATA:
0 511
       0
       0
       0
       0
       0
       0
       0
       0
       0
       0
       0
       0
       0
       0
       0
       0
       1
       0
       5
     283
     328
     351
     385
     388
     427
     400
     413
     448
     464
     441
     425
     419
     445
     487
     458
     493
     496
     515
     491
     500
     490
     479
     467
     431
     437
     445
     446
     472
     440
     424
     409
     405
     415
     383
     398
     411
     388
     356
     396
     418
     380
     418
     390
     362
     409
     389
     372
     328
     364
     410
     438
     388
     372
     426
     436
     348
     373
     387
     398
     352
     351
     309
     271
     226
     217
     192
     195
     168
     167
     164
     154
     139
     174
     153
     138
     143
     154
     152
     146
     152
     172
     160
     202
     200
     244
     313
     471
     729
     986
    1449
    1848
    2258
    2546
    2705
    2586
    2400
    2070
    1571
    1060
     706
     422
     211
     115
      62
      27
      18
       8
       4
       4
       4
       1
       3
       1
       8
       5
       2
       5
       4
       4
       3
       3
       2
       2
       3
       6
       2
       3
       6
       8
       4
       7
       4
       6
       8
       6
       3
       3
       6
       6
       9
       5
       2
       2
       3
       3
       7
       3
       5
       5
       3
       1
       3
       4
       5
       1
       5
       2
       3
       3
       4
       4
       4
       3
       6
       6
       2
       4
       6
       3
       1
       2
       3
       1
       4
       8
       0
       2
       2
       1
       5
       4
       1
       3
       3
       2
       3
       1
       3
       0
       0
       3
       0
       1
       1
       1
       1
       2
       0
       1
       3
       3
       2
       1
       1
       1
       2
       0
       1
       1
       1
       2
       0
       3
       3
       5
       6
       1
       3
       3
       5
       4
       4
       3
       3
       4
       2
       2
       0
       1
       2
       2
       1
       1
       0
       2
       2
       2
       1
       0
       1
       0
       1
       0
       0
       1
       0
       3
       0
       0
       0
       1
       3
       0
       0
       0
       1
       1
       0
       1
       0
       1
       1
       3
       1
       1
       1
       3
       0
       0
       1
       0
       0
       1
       0
       0
       0
       3
       0
       0
       0
       0
       0
       0
       0
       1
       0
       0
       0
       1
       0
       1
       1
       0
       0
       0
       0
       0
       0
       0
       0
       1
       0
       0
       1
       1
       0
       0
       3
       1
       0
       0
       1
       0
       0
       1
       0
       0
       0
       1
       1
       0
       0
       0
       0
       1
       0
       0
       0
       1
       0
       1
       0
       0
       0
       1
       0
       0
       1
       0
       1
       1
       0
       0
       1
       0
       0
       1
       0
       0
       1
       0
       0
       0
       1
       0
       1
       0
       0
       1
       0
       0
       0
       0
       0
       0
       0
       0
       0
       0
       1
       1
       0
       0
       0
       0
       0
       0
       0
       0
       0
       0
       0
       0
       0
       0
       0
       1
       0
       0
       0
       0
       0
       0
       0
       0
       0
       1
       0
       0
       0
       2
       0
       0
       1
       0
       0
       1
       0
       0
       0
       0
       0
       0
       0
       0
       0
       0
       0
       0
       0
       0
       0
       0
       0
       0
       0
       0
       1
       0
       0
       0
       0
       0
       0
       0
       0
       0
       0
       0
       0
       0
       0
       0
       0
       0
       0
       0
       0
       0
       0
       0
       0
       0
       0
       0
       0
       0
       0
       0
       0
       0
       0
       0
       0
       0
       0
       0
       0
       0
       0
       0
       0
       0
       0
       0
       0
       0
       0
       0
       0
       0
       0
       0
       0
       0
       0
       0
       0
       0
       0
       0
       0
$ROI:
1
101 125
$PRESETS:
Live Time
200
0
$ENER_FIT:
0.000000 0.000000
$MCA_CAL:
3
0.000000E+000 0.000000E+000 0.000000E+000 
$SHAPE_CAL:
3
0.000000E+000 0.000000E+000 0.000000E+000
