#no 113.62
#22296 pm 170

$SPEC_ID:
No sample description was entered.
$SPEC_REM:
DET# 1
DETDESC# PRAK01 Easy-MCA-2k SN 15071856
AP# Maestro Version 7.01
$DATE_MEA:
07/30/2002 01:53:07
$MEAS_TIM:
300 300
$DATA:
0 511
       0
       0
       0
       0
       0
       0
       0
       0
       0
       0
       0
       0
       0
       0
       0
       0
       0
       0
       7
     319
     338
     377
     397
     424
     422
     405
     471
     453
     473
     493
     465
     516
     461
     506
     485
     503
     528
     569
     565
     529
     513
     526
     525
     502
     475
     491
     488
     449
     458
     419
     469
     430
     418
     458
     401
     428
     384
     436
     396
     424
     407
     436
     406
     416
     422
     418
     412
     375
     414
     408
     408
     386
     439
     441
     405
     427
     425
     432
     435
     396
     388
     331
     298
     283
     218
     219
     213
     179
     176
     171
     159
     161
     153
     152
     185
     153
     151
     151
     167
     161
     174
     172
     189
     205
     278
     355
     428
     613
     937
    1307
    1783
    2182
    2526
    2724
    2876
    2726
    2323
    1819
    1336
     873
     569
     298
     165
      88
      33
      34
      13
      11
       8
       9
       5
       3
      13
      14
       5
       6
       8
       8
       5
       6
      10
       6
       6
       4
       3
       8
       6
       8
      10
       7
       5
      14
      10
       3
       4
       6
       5
       6
       6
       6
      10
       7
       6
       3
       5
       6
       8
       6
       5
       5
       6
       9
       5
       5
       5
       3
       5
       5
       6
       7
       5
       4
       6
       4
       7
       6
       3
       3
       5
       5
       1
       5
       5
       7
       4
       4
       2
       1
       4
       5
       5
       8
       2
       3
       4
       5
       4
       2
       1
       5
       3
       3
       3
       1
       2
       3
       3
       1
       5
       2
       5
       5
       2
       1
       2
       6
       2
       4
       1
       2
       2
       4
       5
       4
       3
       3
       6
       8
       9
       3
       6
       5
      11
       4
       4
       1
       3
       5
       2
       2
       2
       1
       2
       3
       1
       0
       1
       1
       2
       0
       2
       1
       1
       3
       1
       1
       0
       1
       0
       1
       1
       1
       1
       1
       0
       0
       2
       0
       1
       0
       2
       1
       0
       4
       0
       0
       1
       0
       1
       1
       0
       0
       0
       0
       0
       0
       1
       1
       0
       2
       0
       1
       1
       2
       1
       0
       0
       0
       0
       1
       0
       1
       0
       1
       1
       1
       1
       1
       1
       0
       1
       4
       1
       0
       1
       0
       1
       0
       0
       0
       1
       0
       0
       0
       0
       1
       1
       0
       1
       1
       1
       1
       1
       1
       0
       0
       0
       0
       0
       0
       0
       1
       0
       1
       0
       0
       2
       0
       0
       0
       1
       0
       0
       1
       2
       0
       1
       0
       3
       1
       0
       0
       0
       0
       1
       0
       1
       1
       0
       0
       0
       0
       0
       0
       0
       0
       0
       0
       0
       0
       0
       0
       0
       0
       2
       0
       0
       1
       2
       0
       0
       0
       0
       0
       1
       0
       0
       0
       0
       0
       2
       1
       1
       0
       0
       0
       0
       1
       1
       0
       0
       1
       0
       0
       1
       1
       1
       1
       0
       0
       0
       0
       0
       0
       0
       1
       0
       0
       0
       0
       0
       0
       0
       0
       0
       0
       0
       0
       0
       0
       0
       0
       0
       0
       0
       1
       1
       0
       0
       0
       0
       0
       0
       0
       0
       0
       1
       0
       0
       0
       0
       0
       0
       0
       0
       0
       0
       0
       0
       0
       0
       0
       0
       0
       0
       0
       0
       0
       0
       0
       0
       0
       0
       0
       0
       0
       0
       0
       0
       0
       0
       0
       0
       0
       0
       0
       0
       0
       0
       0
       0
       0
$ROI:
1
101 125
$PRESETS:
Live Time
300
0
$ENER_FIT:
0.000000 0.000000
$MCA_CAL:
3
0.000000E+000 0.000000E+000 0.000000E+000 
$SHAPE_CAL:
3
0.000000E+000 0.000000E+000 0.000000E+000
