#no.113.24
#22048 pm  167


$SPEC_ID:
No sample description was entered.
$SPEC_REM:
DET# 1
DETDESC# PRAK01 Easy-MCA-2k SN 15071856
AP# Maestro Version 7.01
$DATE_MEA:
07/30/2002 02:14:01
$MEAS_TIM:
300 300
$DATA:
0 511
       0
       0
       0
       0
       0
       0
       0
       0
       0
       0
       0
       0
       0
       0
       0
       0
       0
       0
       5
     260
     331
     346
     419
     455
     408
     396
     450
     454
     440
     444
     458
     497
     474
     517
     468
     516
     525
     505
     535
     533
     498
     488
     502
     456
     466
     452
     475
     437
     471
     415
     415
     457
     404
     382
     431
     408
     389
     411
     395
     388
     419
     413
     384
     357
     418
     380
     426
     416
     388
     416
     390
     400
     400
     425
     427
     399
     415
     397
     403
     376
     379
     320
     295
     265
     216
     219
     190
     172
     165
     159
     173
     160
     164
     186
     154
     157
     148
     166
     168
     198
     186
     175
     184
     202
     282
     331
     490
     744
    1071
    1424
    1856
    2336
    2679
    2733
    2725
    2431
    2086
    1604
    1116
     704
     433
     211
     117
      50
      25
      12
      12
      12
      13
       8
      11
      10
       9
       7
       5
       7
       5
       5
       3
       7
       7
       7
       7
       2
       8
      10
       9
       4
       4
       6
       8
       5
       4
       1
       9
       4
       4
       7
       4
       6
       5
       9
       8
       6
       7
       4
       2
       4
       6
       4
       8
       7
       6
       7
       3
       3
       5
       3
       3
       5
       2
       1
       3
       7
       2
       6
       4
       2
       4
       7
       3
       4
       5
       5
       6
       3
       2
       4
       1
       5
       5
       1
       4
       4
       4
       3
       0
       2
       1
       1
       2
       1
       4
       3
       1
       2
       3
       4
       3
       2
       3
       1
       1
       6
       3
       1
       1
       3
       5
       2
       1
       7
       8
       8
       6
       2
       2
       8
       7
       3
       3
       7
       4
       7
       4
       6
       1
       2
       0
       2
       0
       1
       0
       1
       1
       0
       0
       0
       0
       1
       2
       0
       3
       1
       0
       2
       1
       0
       0
       1
       0
       0
       1
       2
       1
       2
       2
       1
       1
       0
       2
       2
       0
       0
       0
       1
       0
       0
       2
       1
       1
       0
       0
       2
       2
       0
       3
       1
       0
       0
       1
       0
       2
       1
       0
       0
       0
       0
       0
       0
       0
       0
       0
       1
       0
       1
       0
       0
       0
       0
       1
       1
       1
       0
       0
       0
       0
       1
       0
       1
       1
       0
       0
       0
       0
       0
       0
       0
       1
       1
       0
       1
       3
       0
       3
       0
       2
       1
       2
       0
       2
       1
       0
       2
       1
       4
       0
       1
       1
       1
       0
       1
       1
       1
       0
       1
       1
       0
       1
       0
       1
       0
       1
       0
       0
       0
       1
       1
       0
       1
       1
       0
       1
       0
       0
       0
       0
       0
       0
       0
       0
       0
       1
       0
       0
       0
       1
       0
       0
       1
       0
       0
       0
       0
       1
       0
       0
       0
       0
       1
       0
       1
       1
       0
       0
       0
       0
       1
       2
       0
       0
       0
       3
       0
       0
       1
       1
       1
       0
       0
       0
       0
       0
       0
       0
       0
       0
       0
       0
       0
       0
       0
       0
       0
       0
       0
       0
       0
       0
       0
       0
       0
       0
       0
       0
       0
       0
       0
       0
       0
       0
       0
       0
       1
       0
       0
       0
       0
       0
       0
       0
       0
       0
       0
       0
       0
       0
       0
       0
       0
       0
       0
       0
       0
       0
       0
       0
       0
       0
       0
       0
       0
       0
       0
       0
       0
       0
       0
       0
       0
       0
       0
       0
       0
       0
       0
       0
       0
       0
       0
       0
       0
$ROI:
1
101 125
$PRESETS:
Live Time
300
0
$ENER_FIT:
0.000000 0.000000
$MCA_CAL:
3
0.000000E+000 0.000000E+000 0.000000E+000 
$SHAPE_CAL:
3
0.000000E+000 0.000000E+000 0.000000E+000
