#no 113.46
# 18139 pm 153

$SPEC_ID:
No sample description was entered.
$SPEC_REM:
DET# 1
DETDESC# PRAK01 Easy-MCA-2k SN 15071856
AP# Maestro Version 7.01
$DATE_MEA:
07/30/2002 03:26:12
$MEAS_TIM:
300 300
$DATA:
0 511
       0
       0
       0
       0
       0
       0
       0
       0
       0
       0
       0
       0
       0
       0
       0
       0
       0
       0
       9
     244
     303
     331
     336
     329
     333
     375
     369
     394
     393
     407
     393
     405
     401
     432
     441
     450
     450
     484
     433
     410
     435
     416
     410
     410
     405
     370
     358
     362
     405
     373
     364
     382
     360
     337
     329
     354
     350
     308
     302
     341
     338
     352
     310
     343
     338
     331
     315
     341
     353
     328
     335
     333
     348
     368
     322
     342
     334
     342
     299
     335
     297
     252
     241
     241
     188
     192
     167
     150
     141
     133
     170
     138
     141
     145
     130
     122
     151
     130
     129
     128
     126
     149
     163
     145
     217
     310
     392
     593
     770
    1125
    1479
    1840
    2116
    2282
    2279
    2085
    1854
    1411
    1026
     664
     392
     225
     126
      71
      26
      14
      19
      16
       5
       7
      10
      12
      10
       6
       3
       8
      11
       4
       5
       3
       9
       3
      11
       9
       5
       3
       6
       4
       6
       6
       6
       4
       7
       7
       8
       5
       8
       5
       4
       1
       7
       9
       4
       5
       3
       3
       7
       9
       3
       6
       4
       8
       4
       7
       2
       3
       4
       2
       3
       4
       4
       0
       2
       5
       4
       6
       7
       2
       1
       6
       3
       4
       4
       1
       4
       2
       3
       1
       0
       5
       6
       1
       4
       0
       2
       4
       5
       2
       3
       0
       5
       1
       6
       2
       1
       1
       2
       2
       5
       2
       2
       3
       2
       1
       3
       1
       0
       2
       4
       3
       4
       2
       7
       5
       3
       1
      10
       3
       7
       6
       3
       4
       3
       2
       5
       0
       3
       0
       2
       1
       4
       0
       3
       3
       1
       1
       2
       1
       1
       0
       3
       1
       0
       1
       1
       1
       2
       1
       0
       1
       0
       3
       0
       0
       0
       0
       2
       2
       2
       0
       0
       1
       2
       2
       1
       0
       0
       0
       0
       2
       0
       1
       0
       1
       1
       1
       2
       1
       0
       0
       0
       1
       1
       0
       0
       1
       0
       0
       1
       1
       0
       1
       0
       1
       1
       0
       1
       0
       1
       1
       2
       1
       1
       1
       0
       0
       0
       0
       1
       0
       0
       1
       0
       1
       1
       2
       1
       2
       0
       1
       1
       1
       0
       0
       1
       1
       1
       2
       0
       0
       1
       0
       0
       0
       1
       0
       0
       0
       1
       1
       1
       2
       0
       0
       0
       2
       0
       0
       0
       0
       0
       0
       0
       0
       1
       0
       0
       0
       2
       0
       0
       0
       0
       0
       0
       0
       0
       1
       0
       1
       1
       0
       0
       0
       0
       0
       0
       0
       0
       0
       0
       0
       1
       1
       0
       0
       0
       2
       0
       1
       1
       1
       1
       1
       1
       0
       0
       0
       0
       2
       2
       0
       1
       1
       1
       0
       0
       0
       0
       1
       0
       0
       1
       0
       0
       0
       1
       0
       0
       0
       0
       0
       0
       0
       1
       0
       0
       0
       0
       0
       0
       0
       0
       0
       0
       0
       0
       0
       0
       0
       0
       0
       0
       0
       0
       0
       0
       0
       0
       0
       0
       0
       0
       0
       0
       0
       0
       0
       0
       0
       0
       1
       0
       0
       1
       0
       0
       0
       0
       0
       0
       0
       0
       0
       0
       0
       0
       0
       0
       0
       0
       0
       0
       0
       0
       0
       0
       0
       0
       0
       0
       0
$ROI:
1
101 125
$PRESETS:
Live Time
300
0
$ENER_FIT:
0.000000 0.000000
$MCA_CAL:
3
0.000000E+000 0.000000E+000 0.000000E+000 
$SHAPE_CAL:
3
0.000000E+000 0.000000E+000 0.000000E+000
