#no 113.17
#8680 pm 107

$SPEC_ID:
No sample description was entered.
$SPEC_REM:
DET# 1
DETDESC# PRAK01 Easy-MCA-2k SN 15071856
AP# Maestro Version 7.01
$DATE_MEA:
07/30/2002 02:39:02
$MEAS_TIM:
300 300
$DATA:
0 511
       0
       0
       0
       0
       0
       0
       0
       0
       0
       0
       0
       0
       0
       0
       0
       0
       0
       0
       5
     141
     185
     198
     203
     222
     212
     234
     236
     256
     253
     258
     258
     249
     245
     254
     256
     252
     260
     261
     277
     248
     268
     233
     260
     240
     216
     234
     239
     248
     218
     224
     201
     191
     191
     198
     193
     188
     196
     200
     172
     195
     188
     188
     224
     175
     179
     188
     195
     185
     170
     183
     170
     177
     187
     185
     166
     207
     167
     176
     172
     153
     148
     138
     133
     123
     108
      90
      87
      82
      71
      71
      73
      78
      66
      78
      95
      88
      54
      89
      76
      92
      80
      93
      99
     102
     142
     159
     219
     322
     458
     591
     754
     913
    1109
    1109
    1119
     937
     828
     624
     427
     288
     154
     103
      43
      17
      13
      10
      10
      10
       7
       7
      10
       9
      10
       8
      10
       5
       4
       8
       5
       5
      10
       6
       3
       5
       5
       8
       8
      10
       6
       7
      12
       4
       8
       7
       9
       7
       4
       8
       4
       3
       7
       3
       5
       4
      10
       8
       3
       5
       2
       5
       6
       6
       1
       5
       3
       8
       6
       6
       6
       4
       2
       4
       3
       2
      10
       0
       3
       4
       1
       6
       0
       5
       7
       3
       3
       2
       2
       2
       2
       1
       1
       4
       5
       5
       1
       1
       1
       2
       4
       4
       2
       2
       2
       2
       4
       1
       0
       1
       3
       2
       1
       1
       3
       0
       1
       2
       3
       3
       2
       6
       1
       5
       3
       5
       5
       5
       4
       4
       5
       4
       5
       5
       6
       4
       2
       2
       2
       1
       0
       2
       3
       2
       1
       2
       4
       1
       0
       1
       1
       0
       2
       1
       1
       2
       2
       1
       0
       1
       0
       1
       1
       0
       1
       0
       0
       0
       0
       0
       1
       1
       2
       3
       2
       0
       2
       2
       2
       1
       3
       0
       0
       0
       0
       0
       1
       0
       0
       1
       1
       0
       1
       0
       0
       1
       0
       1
       0
       0
       1
       0
       1
       1
       0
       0
       0
       1
       1
       1
       0
       0
       0
       0
       0
       0
       0
       0
       0
       2
       0
       2
       0
       1
       0
       0
       2
       1
       0
       0
       1
       1
       1
       0
       0
       0
       1
       0
       2
       1
       0
       0
       0
       2
       0
       0
       0
       0
       0
       1
       0
       1
       0
       0
       1
       0
       0
       1
       1
       1
       1
       0
       1
       0
       1
       0
       0
       0
       1
       1
       0
       1
       0
       0
       0
       0
       1
       1
       0
       0
       2
       0
       0
       0
       1
       0
       0
       0
       0
       0
       1
       0
       1
       1
       1
       0
       1
       0
       0
       1
       0
       0
       0
       0
       0
       0
       0
       1
       0
       1
       1
       0
       1
       0
       1
       2
       0
       2
       0
       0
       0
       0
       0
       0
       0
       1
       0
       0
       1
       0
       0
       0
       0
       0
       0
       0
       0
       0
       0
       0
       0
       0
       0
       1
       0
       0
       0
       0
       0
       0
       0
       0
       0
       0
       0
       0
       0
       0
       0
       0
       0
       0
       0
       0
       0
       0
       0
       0
       0
       0
       0
       0
       0
       0
       1
       0
       0
       0
       0
       0
       0
       0
       0
       0
       0
       0
       0
       0
       0
       0
       0
       0
       0
       0
       0
       0
       0
       0
       0
       0
       0
       0
       0
       0
$ROI:
1
101 125
$PRESETS:
Live Time
300
0
$ENER_FIT:
0.000000 0.000000
$MCA_CAL:
3
0.000000E+000 0.000000E+000 0.000000E+000 
$SHAPE_CAL:
3
0.000000E+000 0.000000E+000 0.000000E+000
