#no 113.29
#31775 pm 201

$SPEC_ID:
No sample description was entered.
$SPEC_REM:
DET# 1
DETDESC# PRAK01 Easy-MCA-2k SN 15071856
AP# Maestro Version 7.01
$DATE_MEA:
07/30/2002 02:48:23
$MEAS_TIM:
300 300
$DATA:
0 511
       0
       0
       0
       0
       0
       0
       0
       0
       0
       0
       0
       1
       0
       4
       5
       2
       4
      11
      24
     417
     509
     536
     541
     553
     584
     601
     620
     635
     642
     636
     677
     628
     654
     689
     673
     748
     719
     755
     742
     785
     710
     729
     697
     706
     705
     664
     694
     637
     618
     617
     622
     594
     563
     570
     592
     554
     600
     583
     553
     592
     598
     568
     564
     544
     602
     556
     600
     571
     564
     572
     590
     612
     587
     619
     568
     580
     582
     581
     575
     540
     493
     499
     418
     388
     321
     276
     264
     248
     247
     253
     250
     214
     217
     235
     186
     211
     192
     256
     232
     258
     257
     265
     269
     305
     325
     484
     702
    1039
    1503
    2116
    2626
    3179
    3728
    3993
    3990
    3630
    3096
    2340
    1648
    1084
     698
     383
     186
      97
      56
      28
      18
      17
      19
      15
      16
      10
      13
      13
      10
       9
      16
      20
      19
      12
      19
      20
      22
      16
      21
      21
      16
      18
      22
      13
      19
      24
      19
      15
      13
      13
      13
      15
      14
      10
      13
      10
      12
      16
      15
       8
       6
      11
       7
       5
      11
       8
      12
       6
      11
       8
       5
      15
       4
       6
       9
       6
       5
      15
      11
       8
       6
       8
       4
       4
       3
       8
       7
       9
       8
       5
       4
       7
       7
       9
       6
       2
       9
       5
       5
       2
       5
       3
       4
       2
       8
       8
       2
       2
       5
       3
       5
       3
       4
       3
      10
       4
       5
       6
       6
       4
       5
       5
       4
       5
       7
       7
       8
       3
       8
       4
       4
      10
       7
       6
       8
       2
       7
       5
       2
       4
       6
       3
       3
       0
       3
       0
       1
       1
       2
       1
       1
       2
       0
       0
       2
       0
       1
       2
       1
       1
       1
       2
       2
       3
       0
       0
       0
       3
       1
       3
       1
       1
       1
       4
       0
       1
       2
       3
       2
       3
       4
       1
       2
       2
       2
       1
       1
       0
       0
       0
       0
       0
       0
       1
       1
       0
       1
       1
       2
       1
       0
       2
       1
       3
       1
       0
       1
       1
       1
       1
       0
       1
       0
       0
       3
       0
       1
       1
       0
       1
       0
       1
       1
       1
       1
       0
       0
       0
       0
       0
       1
       2
       1
       0
       0
       0
       0
       0
       0
       0
       0
       0
       0
       0
       0
       1
       0
       1
       2
       0
       1
       1
       1
       1
       0
       1
       0
       0
       0
       0
       0
       1
       1
       0
       0
       1
       0
       0
       0
       1
       0
       0
       0
       0
       0
       1
       0
       0
       0
       1
       0
       1
       0
       0
       0
       0
       0
       1
       2
       0
       0
       0
       2
       0
       0
       1
       1
       0
       2
       0
       0
       1
       1
       1
       1
       1
       0
       1
       0
       3
       1
       1
       0
       0
       0
       1
       0
       1
       0
       0
       0
       0
       0
       0
       0
       0
       1
       0
       0
       1
       0
       0
       0
       0
       0
       0
       0
       0
       0
       0
       0
       0
       0
       0
       0
       0
       0
       0
       0
       0
       0
       0
       0
       0
       0
       0
       0
       0
       0
       0
       0
       0
       0
       0
       0
       0
       0
       0
       0
       0
       0
       0
       1
       0
       0
       1
       0
       1
       0
       0
       0
       0
       0
       0
       0
       0
       0
       0
       0
       0
       0
       0
       0
       0
       0
       0
       0
       0
       0
       0
       0
       0
       0
       0
       0
       0
$ROI:
1
101 125
$PRESETS:
Live Time
300
0
$ENER_FIT:
0.000000 0.000000
$MCA_CAL:
3
0.000000E+000 0.000000E+000 0.000000E+000 
$SHAPE_CAL:
3
0.000000E+000 0.000000E+000 0.000000E+000
