#no 113.55
#15245 pm 141

$SPEC_ID:
No sample description was entered.
$SPEC_REM:
DET# 1
DETDESC# PRAK01 Easy-MCA-2k SN 15071856
AP# Maestro Version 7.01
$DATE_MEA:
07/30/2002 03:18:45
$MEAS_TIM:
300 300
$DATA:
0 511
       0
       0
       0
       0
       0
       0
       0
       0
       0
       0
       0
       0
       0
       0
       0
       0
       0
       0
       4
     207
     276
     277
     270
     273
     307
     340
     318
     329
     341
     349
     346
     396
     370
     345
     353
     371
     383
     400
     389
     383
     377
     397
     350
     363
     353
     337
     334
     333
     322
     307
     310
     326
     326
     316
     321
     284
     279
     307
     306
     251
     311
     286
     338
     251
     263
     281
     274
     283
     300
     266
     302
     260
     283
     274
     290
     285
     272
     281
     268
     285
     224
     242
     191
     221
     180
     156
     147
     127
     125
     128
     116
     119
     113
     124
     126
     104
     107
     112
      92
     105
     118
     147
     148
     159
     211
     228
     354
     520
     687
     870
    1186
    1538
    1869
    1902
    1958
    1789
    1560
    1226
     838
     556
     327
     193
     104
      61
      23
      16
      14
       8
       7
       3
       8
      12
      10
       7
       7
       8
       7
       7
       8
       7
       8
       4
       7
       6
      10
       7
       6
       4
       7
       5
       7
       8
       3
       8
       2
       7
       7
       5
       6
       8
       5
       5
       6
       7
       4
       1
       4
       2
       4
       3
       3
       5
       6
       3
       3
       4
       6
       4
       4
       8
       3
       4
       5
       6
       9
       5
       4
       5
       4
       1
       8
       3
       4
       3
       4
       2
       5
       5
       2
       4
       7
       5
       2
       3
       4
       6
       2
       1
       3
       1
       1
       1
       1
       2
       1
       0
       6
       1
       3
       1
       2
       2
       6
       4
       2
       3
       4
       3
       6
       2
       3
       2
       5
       9
       9
       4
       7
       3
       3
       8
       7
       5
       4
       5
       5
       1
       1
       0
       1
       2
       0
       1
       1
       1
       0
       0
       0
       1
       1
       0
       0
       3
       1
       2
       1
       1
       1
       0
       0
       0
       2
       1
       0
       1
       0
       1
       1
       0
       2
       1
       1
       2
       1
       0
       1
       0
       0
       1
       0
       0
       1
       0
       0
       1
       1
       0
       0
       1
       2
       0
       1
       0
       0
       1
       0
       0
       0
       0
       1
       0
       0
       0
       1
       1
       2
       0
       0
       0
       0
       0
       0
       2
       0
       1
       1
       0
       0
       0
       0
       1
       0
       1
       0
       1
       0
       0
       1
       0
       1
       0
       0
       0
       0
       1
       0
       1
       0
       0
       1
       2
       0
       2
       1
       1
       0
       0
       3
       1
       0
       2
       1
       1
       2
       0
       0
       0
       0
       1
       0
       0
       0
       1
       0
       0
       0
       0
       0
       0
       0
       0
       0
       0
       0
       0
       0
       0
       0
       0
       2
       1
       0
       1
       0
       0
       0
       1
       0
       0
       0
       0
       0
       0
       1
       1
       0
       0
       2
       1
       1
       1
       0
       0
       0
       0
       0
       0
       0
       3
       0
       1
       0
       0
       1
       1
       1
       1
       0
       0
       2
       0
       0
       0
       0
       0
       1
       0
       0
       0
       0
       0
       0
       0
       0
       1
       0
       0
       0
       0
       0
       0
       0
       0
       0
       0
       0
       0
       0
       0
       0
       0
       0
       0
       0
       0
       0
       1
       0
       0
       0
       0
       0
       0
       0
       0
       0
       0
       0
       0
       0
       0
       0
       0
       0
       0
       0
       0
       0
       0
       0
       0
       0
       0
       0
       0
       0
       0
       0
       0
       0
       0
       0
       0
       0
       0
       0
       0
       0
       0
       0
       0
       0
       0
$ROI:
1
101 125
$PRESETS:
Live Time
300
0
$ENER_FIT:
0.000000 0.000000
$MCA_CAL:
3
0.000000E+000 0.000000E+000 0.000000E+000 
$SHAPE_CAL:
3
0.000000E+000 0.000000E+000 0.000000E+000
