#no 113.03
#42856 pm 234

$SPEC_ID:
No sample description was entered.
$SPEC_REM:
DET# 1
DETDESC# PRAK01 Easy-MCA-2k SN 15071856
AP# Maestro Version 7.01
$DATE_MEA:
07/30/2002 03:10:00
$MEAS_TIM:
300 300
$DATA:
0 511
       0
       0
       0
       0
       0
       0
       0
       0
       0
       0
       0
       0
       0
       0
       0
       0
       0
       0
      13
     531
     652
     734
     683
     767
     723
     771
     784
     797
     869
     821
     795
     832
     892
     892
     883
     886
     973
    1053
    1026
    1022
     969
     977
     914
     906
     956
     910
     892
     895
     822
     827
     830
     822
     783
     782
     804
     824
     777
     767
     711
     761
     829
     797
     811
     748
     773
     763
     780
     775
     781
     743
     756
     742
     826
     848
     805
     767
     749
     752
     707
     720
     675
     613
     591
     542
     464
     422
     390
     335
     306
     308
     275
     299
     300
     289
     263
     291
     300
     292
     307
     300
     289
     357
     341
     454
     559
     767
    1008
    1580
    2204
    3050
    3812
    4552
    5290
    5463
    5237
    4714
    3910
    2859
    2052
    1290
     730
     433
     193
      92
      46
      21
      14
      11
       7
       9
       2
       7
      10
       8
       9
       9
       4
       3
      11
       9
      11
      11
       6
       4
       7
       8
       6
       8
       8
       5
       9
      16
       8
       7
       9
       9
       9
      12
       4
       5
       7
       5
       7
       3
       7
       5
       3
       6
       3
       8
       3
       6
       6
       5
       6
       4
       2
       6
       6
       6
       2
       7
       5
       0
       3
       5
       4
       2
       4
       3
       1
       5
       3
       3
       5
       4
       4
       9
       4
       2
       1
       4
       4
       3
       2
       5
       4
       3
       4
       3
       1
       4
       3
       3
       0
       1
       3
       0
       1
       3
       1
       1
       2
       2
       1
       3
       2
       2
       7
       3
       5
       3
       4
       2
       4
       3
       2
       6
       5
       7
       4
       4
       1
       5
       4
       8
       5
       3
       2
       2
       3
       2
       3
       1
       0
       1
       0
       1
       0
       2
       2
       0
       0
       3
       1
       0
       1
       1
       0
       1
       0
       0
       1
       2
       0
       1
       2
       1
       1
       3
       1
       0
       0
       0
       1
       2
       2
       0
       0
       0
       0
       0
       1
       0
       1
       0
       2
       2
       1
       0
       1
       0
       2
       0
       0
       0
       1
       1
       2
       0
       0
       1
       1
       0
       1
       0
       3
       0
       0
       1
       0
       0
       1
       1
       0
       0
       0
       0
       0
       1
       0
       0
       1
       0
       2
       0
       2
       0
       0
       0
       2
       2
       0
       3
       2
       0
       1
       1
       0
       1
       0
       0
       1
       1
       0
       2
       0
       0
       0
       0
       0
       0
       1
       1
       0
       0
       0
       0
       0
       0
       0
       0
       0
       0
       0
       1
       0
       0
       0
       1
       0
       0
       0
       0
       0
       0
       0
       0
       1
       1
       0
       1
       1
       1
       0
       1
       0
       0
       0
       0
       0
       1
       0
       0
       0
       0
       0
       0
       1
       0
       1
       1
       0
       0
       0
       2
       0
       1
       3
       0
       1
       1
       1
       0
       0
       0
       0
       1
       1
       0
       1
       1
       0
       0
       0
       0
       1
       0
       0
       0
       0
       0
       1
       0
       0
       0
       0
       0
       0
       0
       0
       0
       0
       0
       0
       0
       0
       0
       0
       0
       0
       0
       0
       0
       0
       0
       0
       0
       1
       0
       0
       0
       0
       0
       0
       0
       0
       0
       1
       0
       0
       0
       0
       0
       0
       0
       0
       0
       0
       0
       0
       0
       0
       0
       0
       0
       0
       0
       0
       0
       0
       0
       0
       0
       0
       0
       0
       0
       0
       0
       0
       0
$ROI:
1
101 125
$PRESETS:
Live Time
300
0
$ENER_FIT:
0.000000 0.000000
$MCA_CAL:
3
0.000000E+000 0.000000E+000 0.000000E+000 
$SHAPE_CAL:
3
0.000000E+000 0.000000E+000 0.000000E+000
