#no 113.32
#25250 pm 181

$SPEC_ID:
No sample description was entered.
$SPEC_REM:
DET# 1
DETDESC# PRAK01 Easy-MCA-2k SN 15071856
AP# Maestro Version 7.01
$DATE_MEA:
07/30/2002 03:32:54
$MEAS_TIM:
300 300
$DATA:
0 511
       0
       0
       0
       0
       0
       0
       0
       0
       0
       0
       0
       0
       0
       0
       0
       0
       1
       0
       7
     346
     380
     402
     432
     424
     514
     502
     491
     528
     536
     556
     498
     582
     592
     547
     568
     579
     594
     588
     573
     649
     622
     568
     553
     563
     548
     547
     541
     530
     506
     477
     521
     504
     457
     468
     466
     480
     474
     468
     500
     432
     462
     467
     462
     470
     467
     485
     470
     473
     482
     464
     468
     438
     474
     423
     455
     476
     476
     460
     514
     487
     414
     361
     307
     308
     273
     247
     250
     207
     191
     182
     196
     176
     182
     169
     168
     173
     174
     216
     193
     176
     181
     220
     228
     251
     299
     396
     565
     824
    1154
    1601
    2151
    2578
    2978
    3223
    3167
    2986
    2404
    1870
    1342
     889
     547
     318
     169
      86
      36
      16
      15
      18
       8
       9
       9
       8
      10
      10
       3
       7
      13
       7
       7
       7
       5
       7
       1
       5
       5
       8
       6
       8
       8
      12
       8
      17
       4
       8
       9
       5
       5
       2
       4
       4
       5
       3
       3
       6
       2
       8
      10
       4
       2
       3
       2
       1
       2
       3
       8
       3
       3
       5
       7
       4
       3
       6
       5
       5
       4
       4
       2
       7
       3
       5
       5
       2
       3
       5
       3
       2
       5
       3
       3
       7
       6
       3
       2
       3
       0
       2
       3
       0
       3
       3
       2
       2
       4
       2
       4
       1
       1
       4
       0
       3
       3
       2
       1
       2
       3
       4
       2
       2
       3
       3
       7
       4
       2
       6
       6
       5
       2
       6
       6
       6
       2
       3
       5
       4
       6
       2
       2
       2
       1
       1
       3
       4
       0
       2
       0
       1
       2
       1
       0
       1
       1
       2
       2
       1
       1
       0
       1
       3
       1
       1
       0
       0
       1
       1
       0
       0
       2
       2
       1
       1
       3
       2
       3
       0
       0
       1
       0
       1
       2
       1
       0
       3
       1
       3
       1
       1
       1
       0
       2
       0
       0
       0
       1
       1
       0
       1
       2
       0
       0
       1
       0
       1
       0
       0
       0
       2
       0
       0
       0
       3
       1
       2
       1
       1
       1
       0
       1
       0
       1
       1
       1
       0
       0
       2
       1
       0
       1
       1
       1
       0
       1
       1
       0
       0
       1
       0
       3
       0
       1
       0
       0
       0
       3
       1
       1
       1
       0
       0
       1
       0
       1
       1
       0
       0
       0
       1
       0
       0
       0
       0
       1
       2
       2
       0
       1
       0
       0
       1
       1
       0
       0
       0
       0
       0
       0
       0
       0
       2
       0
       1
       0
       0
       0
       0
       0
       1
       0
       0
       1
       0
       0
       0
       1
       0
       0
       0
       1
       0
       0
       2
       1
       0
       4
       2
       0
       2
       1
       0
       0
       1
       0
       0
       0
       1
       0
       0
       0
       0
       0
       1
       0
       0
       0
       0
       0
       0
       0
       0
       0
       0
       0
       0
       0
       0
       0
       0
       0
       0
       0
       0
       0
       0
       0
       0
       0
       0
       0
       0
       0
       0
       1
       0
       0
       1
       0
       0
       0
       0
       0
       0
       0
       0
       0
       0
       1
       0
       0
       0
       0
       0
       0
       0
       0
       0
       0
       0
       0
       0
       0
       0
       0
       0
       0
       0
       0
       0
       0
       0
       0
       0
       0
       0
       0
       0
       0
       0
       0
       0
       0
       0
       0
       0
$ROI:
1
101 125
$PRESETS:
Live Time
300
0
$ENER_FIT:
0.000000 0.000000
$MCA_CAL:
3
0.000000E+000 0.000000E+000 0.000000E+000 
$SHAPE_CAL:
3
0.000000E+000 0.000000E+000 0.000000E+000
