#no 112.91
#25156 pm 179

$SPEC_ID:
No sample description was entered.
$SPEC_REM:
DET# 1
DETDESC# PRAK01 Easy-MCA-2k SN 15071856
AP# Maestro Version 7.01
$DATE_MEA:
07/30/2002 03:49:21
$MEAS_TIM:
300 300
$DATA:
0 511
       0
       0
       0
       0
       0
       0
       0
       0
       0
       0
       0
       0
       0
       0
       0
       1
       0
       1
      10
     309
     379
     391
     451
     418
     465
     500
     491
     539
     546
     497
     532
     539
     528
     555
     536
     566
     608
     556
     598
     562
     584
     556
     556
     546
     502
     547
     501
     528
     514
     494
     493
     500
     479
     465
     449
     457
     478
     496
     454
     466
     450
     461
     456
     464
     502
     477
     466
     457
     431
     457
     477
     431
     530
     475
     471
     481
     453
     504
     424
     407
     354
     373
     335
     306
     256
     251
     218
     202
     157
     199
     167
     187
     188
     167
     184
     176
     187
     189
     202
     213
     195
     219
     211
     248
     326
     437
     664
     963
    1354
    1817
    2311
    2684
    3127
    3138
    2978
    2808
    2156
    1660
    1149
     774
     443
     240
     129
      60
      30
      13
       6
       9
       7
       6
       8
       9
      10
       5
      10
      11
       7
       6
       5
       6
       5
       8
       6
       8
       6
       6
       8
       9
       3
       9
       7
       5
      11
      12
       3
       3
      10
       8
       7
       6
       5
       5
       9
      10
       2
       8
       6
       6
       6
       6
       2
       2
       4
       3
       6
       8
       6
      10
       5
       7
       7
       9
       0
       7
       1
       3
       5
       4
       4
       5
       6
       4
       7
       2
       0
       5
       2
       6
       4
       9
       0
       2
      13
       0
       1
       3
       4
       1
       2
       4
       1
       2
       2
       0
       3
       3
       3
       1
       5
       1
       2
       5
       3
       0
       3
       2
       2
       5
       2
       4
       3
      10
       6
       4
       3
       7
       5
       4
       5
       9
       5
       6
       2
       3
       1
       0
       3
       1
       0
       1
       2
       1
       1
       1
       0
       0
       0
       1
       0
       1
       3
       1
       0
       2
       2
       0
       0
       2
       2
       1
       0
       0
       1
       0
       3
       1
       1
       1
       0
       0
       0
       0
       0
       1
       0
       0
       1
       0
       1
       0
       1
       1
       1
       1
       0
       0
       0
       0
       1
       0
       0
       0
       1
       1
       0
       2
       0
       1
       0
       0
       0
       1
       1
       0
       2
       0
       0
       2
       0
       1
       0
       0
       0
       1
       0
       0
       0
       0
       0
       0
       0
       2
       0
       1
       0
       1
       0
       1
       0
       2
       0
       0
       1
       0
       0
       0
       1
       2
       0
       1
       1
       1
       0
       1
       0
       0
       0
       0
       0
       0
       2
       1
       0
       0
       0
       0
       3
       1
       0
       0
       0
       1
       0
       1
       0
       4
       0
       0
       1
       0
       1
       0
       0
       0
       0
       0
       0
       0
       0
       0
       0
       0
       0
       1
       1
       0
       0
       0
       1
       0
       0
       1
       0
       1
       1
       0
       1
       0
       0
       0
       0
       1
       0
       0
       0
       0
       0
       3
       2
       1
       1
       1
       0
       0
       0
       1
       0
       0
       1
       0
       0
       0
       0
       0
       0
       0
       0
       0
       0
       0
       0
       0
       0
       0
       0
       0
       0
       0
       0
       0
       0
       0
       0
       0
       1
       0
       0
       0
       0
       0
       0
       0
       0
       0
       1
       0
       0
       0
       1
       0
       0
       0
       0
       0
       0
       0
       0
       0
       1
       0
       0
       0
       0
       0
       0
       0
       0
       0
       0
       0
       0
       0
       0
       0
       0
       0
       0
       0
       0
       0
       0
       0
       0
       0
       0
       0
       0
       0
       0
       0
       0
       0
$ROI:
1
101 125
$PRESETS:
Live Time
300
0
$ENER_FIT:
0.000000 0.000000
$MCA_CAL:
3
0.000000E+000 0.000000E+000 0.000000E+000 
$SHAPE_CAL:
3
0.000000E+000 0.000000E+000 0.000000E+000
