#10*N
6465
6707
6918
6796
6654
7048
6942
6638
6459
6741
6498
7047
6506
6447
6496
6711
6542
6823
6701
6505
6559
6856
6928
6717
6952
6712
6549
6764
6706
6672
6270
6794
6432
6775
6666
6837
7013
6500
6582
7063
6676
6839
6676
6869
6574
6739
6651
7073
6653
6849
6685
6973
6615
6512
6623
6965
6635
6694
6565
6398
6710
6817
6879
7011
6348
7013
6652
6512
6665
6559
6707
6399
6516
6744
7031
6550
6641
6753
6673
6965
7042
6513
6766
6833
6555
6887
6607
6968
6914
6587
6893
6662
6457
6589
6821
6671
6555
6717
6356
6724
