V703
N/1/min || U/V || I/myA
    0 300 0.00
15346 310 0.05
16073 320 0.10
16196 330 0.15
16190 340 0.20
16592 350 0.20
16365 360 0.25
16575 370 0.30
16543 380 0.30
16877 390 0.35
16663 400 0.40
16648 410 0.40
16491 420 0.45
16680 430 0.45
16783 440 0.50
16932 450 0.55
16901 460 0.60
16976 470 0.60
16856 480 0.65
16815 490 0.65
16936 500 0.70
16970 510 0.80
16704 520 0.80
16949 530 0.85
17096 540 0.90
17328 550 0.95
16883 560 0.95
17153 570 1.00
16992 580 1.05
17148 590 1.10
17111 600 1.10
16826 610 1.10
17411 620 1.15
17223 630 1.20
17259 640 1.25
17281 650 1.25
17549 660 1.30
17835 670 1.40
17923 680 1.40
17801 690 1.40
17950 700 1.50
