#no 113.48
#52072 pm 258
#300 300

       0
       0
       0
       0
       0
       0
       0
       0
       0
       0
       0
       0
       0
       0
       0
       0
       0
       1
      19
     695
     796
     845
     884
     872
     947
     944
     935
     958
     986
     993
     999
    1070
    1108
    1063
    1125
    1190
    1200
    1309
    1285
    1239
    1142
    1153
    1157
    1129
    1076
    1097
    1065
    1078
    1020
    1041
     981
     994
    1020
     988
     959
     966
     892
     959
     915
     918
     933
     938
     896
     947
     954
     942
     945
     980
     908
     977
     959
     958
     946
     939
     931
     948
     978
     953
     897
     928
     827
     779
     692
     643
     551
     544
     448
     415
     371
     413
     348
     346
     367
     362
     355
     366
     340
     317
     353
     357
     394
     398
     430
     475
     540
     783
    1112
    1589
    2268
    3187
    4192
    5100
    6103
    6465
    6548
    6047
    5183
    4140
    2908
    1944
    1174
     688
     334
     172
      68
      37
      19
      13
       9
       7
      11
       4
      11
       4
       4
      11
       5
       8
       2
       6
      10
       8
       8
       7
       5
       6
       4
       3
       5
       3
      14
       8
       3
       5
       6
       3
       4
       5
       9
       5
       7
       6
       7
      10
      11
       3
       5
       8
       5
       4
       4
       8
       6
       3
       5
       4
       5
       3
       3
       3
       2
       5
       1
       5
       7
       4
       7
       4
       3
       4
       6
       3
       4
       5
       8
       3
       0
       7
       6
       1
       1
       8
       5
       7
       3
       6
       0
       1
       4
       3
       3
       1
       1
       5
       4
       3
       0
       3
       1
       1
       1
       4
       2
       2
       3
       4
       4
       3
       3
       2
       4
       4
       0
       1
       1
       2
       3
       9
       5
       8
       7
       3
       2
       4
       5
       2
       2
       0
       1
       4
       1
       1
       1
       2
       2
       0
       2
       1
       2
       2
       0
       1
       0
       1
       3
       1
       2
       1
       0
       1
       0
       1
       0
       1
       3
       0
       2
       2
       0
       0
       0
       2
       3
       1
       1
       0
       1
       2
       1
       1
       1
       1
       1
       1
       2
       2
       0
       0
       0
       0
       1
       0
       0
       0
       0
       0
       0
       0
       1
       2
       0
       0
       0
       0
       0
       0
       0
       1
       0
       0
       0
       0
       0
       0
       0
       2
       1
       0
       1
       1
       0
       0
       1
       2
       1
       0
       2
       1
       1
       0
       0
       0
       0
       0
       1
       0
       1
       0
       2
       2
       3
       0
       0
       0
       1
       1
       1
       1
       0
       1
       2
       0
       1
       0
       1
       0
       1
       0
       0
       0
       0
       0
       1
       1
       0
       0
       1
       0
       0
       0
       0
       1
       1
       0
       0
       0
       2
       0
       1
       0
       0
       0
       0
       0
       2
       0
       0
       0
       0
       0
       0
       1
       0
       0
       1
       0
       1
       0
       0
       0
       0
       0
       0
       0
       0
       1
       1
       1
       0
       0
       3
       1
       0
       0
       1
       0
       1
       0
       0
       0
       0
       1
       0
       0
       0
       0
       1
       0
       0
       0
       0
       0
       0
       0
       0
       1
       0
       0
       0
       0
       0
       0
       0
       0
       0
       0
       0
       0
       0
       0
       0
       0
       0
       0
       0
       0
       0
       0
       0
       0
       0
       0
       0
       0
       0
       0
       0
       0
       0
       0
       0
       0
       0
       0
       0
       0
       0
       0
       0
       0
       0
       0
       0
       0
       0
       0
       0
       0
       0
       0
       0
       0
       0
       0
       0
       0
       0
       0
       0
       0
       0
       0
