#No.113
#50636 pm 254

$SPEC_ID:
No sample description was entered.
$SPEC_REM:
DET# 1
DETDESC# PRAK01 Easy-MCA-2k SN 15071856
AP# Maestro Version 7.01
$DATE_MEA:
07/30/2002 00:32:29
$MEAS_TIM:
300 300
$DATA:
0 511
       0
       0
       0
       0
       0
       0
       0
       0
       0
       1
       1
       0
       0
       0
       0
       1
       0
       0
      18
     648
     819
     826
     827
     864
     839
     854
     896
     933
    1003
     937
     997
     969
    1050
    1042
    1042
    1097
    1192
    1243
    1274
    1113
    1141
    1131
    1084
    1062
    1058
    1083
     975
    1014
     984
    1004
     958
     929
     933
     873
     826
     918
     916
     903
     952
     939
     935
     915
     991
     904
     856
     902
     899
     890
     949
     875
     929
     877
     939
     980
     936
     899
     904
     895
     905
     863
     778
     751
     664
     575
     522
     481
     451
     408
     388
     371
     364
     357
     346
     312
     338
     342
     345
     360
     344
     374
     394
     409
     458
     485
     631
     844
    1330
    1836
    2637
    3536
    4480
    5433
    6115
    6491
    6182
    5498
    4525
    3418
    2346
    1495
     882
     466
     238
     101
      55
      25
      13
       9
       7
      12
      11
       9
       8
       8
       2
       5
       1
       8
       6
       5
       6
       7
       6
       9
      12
       7
       6
       7
       8
      11
       6
       6
       8
       6
       4
       5
      10
       6
       9
       4
       6
       8
       5
       5
       8
       4
       6
       4
       2
       3
       5
       1
       8
       5
       7
       4
       3
       2
       7
       6
       8
       3
       3
       4
       3
       2
       4
       3
       6
       6
       2
       4
       2
       6
       2
       4
       4
       2
       4
       5
       1
       2
       3
       6
       3
       6
       3
       0
       5
       2
       2
       2
       2
       4
       2
       2
       0
       2
       4
       3
       8
       0
       3
       4
       1
       3
       3
       3
       1
       8
       1
       5
       7
       1
       4
       5
       3
       5
       9
       4
       8
       5
       1
       4
       4
       0
       2
       2
       4
       0
       3
       0
       0
       2
       3
       4
       0
       0
       2
       2
       0
       1
       1
       0
       0
       0
       1
       0
       0
       2
       2
       3
       2
       0
       1
       2
       0
       0
       2
       1
       2
       1
       0
       0
       0
       0
       1
       0
       0
       1
       1
       2
       0
       1
       2
       1
       0
       4
       0
       0
       0
       0
       1
       1
       0
       0
       0
       0
       2
       0
       2
       0
       0
       1
       1
       0
       2
       1
       0
       0
       0
       0
       1
       0
       0
       0
       1
       0
       1
       0
       0
       0
       0
       0
       0
       1
       0
       0
       2
       0
       0
       1
       1
       1
       0
       0
       0
       1
       0
       0
       0
       1
       1
       0
       1
       0
       0
       0
       0
       1
       1
       0
       0
       0
       0
       0
       1
       0
       0
       1
       0
       1
       2
       1
       1
       0
       1
       0
       0
       0
       0
       0
       0
       0
       0
       0
       0
       0
       0
       0
       0
       0
       1
       1
       0
       0
       1
       0
       0
       0
       0
       0
       0
       0
       1
       0
       0
       0
       0
       0
       1
       3
       0
       0
       0
       2
       0
       0
       0
       0
       0
       1
       0
       0
       1
       2
       0
       0
       0
       0
       0
       0
       0
       0
       1
       0
       0
       0
       0
       0
       0
       0
       0
       0
       1
       0
       0
       0
       0
       0
       1
       0
       0
       0
       0
       1
       0
       1
       0
       0
       0
       0
       0
       0
       0
       0
       0
       1
       0
       0
       0
       0
       0
       0
       0
       1
       0
       0
       0
       0
       0
       0
       0
       0
       0
       0
       0
       0
       0
       0
       0
       0
       0
       0
       0
       0
       0
       0
       0
       0
       0
       0
       0
       0
       0
       0
       0
       0
       0
       0
       0
       0
$ROI:
1
101 125
$PRESETS:
Live Time
300
0
$ENER_FIT:
0.000000 0.000000
$MCA_CAL:
3
0.000000E+000 0.000000E+000 0.000000E+000 
$SHAPE_CAL:
3
0.000000E+000 0.000000E+000 0.000000E+000
