#no. 112.91
# 16417 pm 145

$SPEC_ID:
No sample description was entered.
$SPEC_REM:
DET# 1
DETDESC# PRAK01 Easy-MCA-2k SN 15071856
AP# Maestro Version 7.01
$DATE_MEA:
07/30/2002 00:46:24
$MEAS_TIM:
100 100
$DATA:
0 511
       0
       0
       0
       0
       0
       0
       0
       0
       0
       0
       0
       0
       0
       0
       0
       1
       0
       0
       6
     200
     252
     258
     265
     280
     274
     291
     290
     341
     325
     295
     328
     352
     328
     404
     364
     363
     362
     414
     375
     410
     387
     358
     356
     383
     333
     329
     318
     333
     297
     317
     315
     300
     330
     291
     297
     315
     319
     284
     318
     280
     283
     299
     302
     299
     281
     284
     290
     297
     286
     282
     298
     283
     320
     302
     301
     324
     298
     292
     294
     266
     295
     221
     226
     196
     178
     137
     126
     118
     111
     137
     121
     112
     127
      93
     107
     109
     111
     113
     131
     108
     139
     138
     153
     174
     226
     299
     442
     644
     851
    1198
    1498
    1828
    2039
    2135
    2023
    1727
    1397
    1067
     716
     458
     253
     133
      70
      26
      11
       9
       3
       3
       3
       1
       3
       1
       4
       1
       3
       4
       4
       3
       3
       1
       3
       3
       3
       0
       0
       2
       3
       3
       0
       1
       4
       3
       2
       0
       2
       2
       3
       1
       0
       1
       5
       0
       4
       1
       1
       1
       7
       3
       0
       2
       2
       1
       3
       1
       1
       2
       4
       3
       0
       0
       0
       4
       3
       4
       3
       4
       2
       0
       1
       1
       0
       0
       0
       3
       0
       0
       1
       5
       0
       0
       2
       0
       3
       2
       0
       2
       1
       0
       0
       1
       1
       0
       0
       1
       0
       1
       1
       0
       1
       0
       3
       2
       1
       1
       0
       0
       0
       0
       2
       4
       1
       0
       0
       2
       3
       0
       0
       4
       1
       2
       0
       0
       1
       2
       1
       1
       0
       0
       0
       0
       0
       0
       1
       1
       0
       0
       0
       0
       0
       1
       0
       0
       0
       1
       0
       0
       0
       0
       1
       0
       1
       1
       0
       0
       0
       1
       0
       0
       1
       0
       0
       0
       1
       1
       0
       0
       0
       0
       0
       0
       0
       0
       1
       0
       0
       0
       0
       0
       0
       1
       0
       0
       0
       0
       0
       1
       0
       0
       0
       0
       0
       0
       0
       0
       0
       1
       0
       1
       0
       1
       0
       0
       0
       0
       0
       1
       0
       0
       0
       0
       0
       0
       0
       0
       1
       0
       0
       1
       0
       0
       0
       1
       0
       1
       1
       1
       1
       0
       0
       0
       0
       0
       0
       0
       0
       0
       0
       0
       1
       0
       0
       0
       0
       0
       0
       1
       0
       0
       0
       0
       0
       0
       1
       1
       0
       0
       0
       0
       0
       0
       1
       0
       0
       0
       0
       0
       0
       1
       0
       0
       0
       0
       0
       0
       0
       0
       0
       0
       0
       0
       0
       0
       0
       1
       0
       0
       0
       0
       1
       0
       1
       0
       0
       0
       0
       0
       0
       0
       0
       0
       0
       0
       0
       0
       0
       0
       1
       1
       0
       0
       0
       0
       0
       0
       0
       0
       0
       0
       0
       0
       1
       1
       1
       0
       0
       0
       0
       0
       0
       0
       0
       0
       0
       0
       0
       0
       0
       0
       0
       0
       0
       0
       0
       0
       0
       0
       0
       0
       0
       0
       0
       0
       0
       0
       0
       0
       0
       0
       0
       0
       0
       0
       0
       0
       0
       0
       0
       0
       0
       0
       0
       0
       0
       0
       0
       0
       0
       0
       0
       0
       0
       0
       0
       0
       0
       0
       0
       0
       0
       0
       0
       0
$ROI:
1
101 125
$PRESETS:
Live Time
100
0
$ENER_FIT:
0.000000 0.000000
$MCA_CAL:
3
0.000000E+000 0.000000E+000 0.000000E+000 
$SHAPE_CAL:
3
0.000000E+000 0.000000E+000 0.000000E+000
