#no. 113.21
#8054 pm 103

$SPEC_ID:
No sample description was entered.
$SPEC_REM:
DET# 1
DETDESC# PRAK01 Easy-MCA-2k SN 15071856
AP# Maestro Version 7.01
$DATE_MEA:
07/30/2002 00:52:41
$MEAS_TIM:
300 300
$DATA:
0 511
       0
       0
       0
       0
       0
       0
       0
       0
       0
       0
       0
       0
       0
       0
       0
       0
       0
       1
       8
     143
     156
     186
     176
     200
     207
     239
     222
     236
     239
     227
     267
     240
     261
     243
     267
     258
     270
     231
     240
     204
     249
     216
     212
     262
     224
     236
     226
     221
     195
     165
     172
     210
     186
     172
     173
     163
     213
     190
     169
     172
     181
     161
     158
     184
     177
     166
     165
     175
     173
     171
     175
     180
     179
     171
     169
     156
     187
     182
     159
     145
     122
     132
     127
     111
      90
      95
      77
      64
      73
      87
      75
      71
      65
      62
      56
      65
      63
      65
      69
      67
      73
      69
      90
      73
     117
     168
     196
     277
     355
     548
     716
     834
    1020
    1019
    1009
     943
     765
     614
     406
     294
     159
     101
      64
      27
      11
      14
       9
      11
      13
       4
       3
       7
       2
      14
       6
       6
       2
       6
       6
       9
       8
       8
       8
       5
       7
       2
       7
      12
       8
       3
       7
       8
      10
       5
       4
      11
       5
       9
       7
       3
       5
       5
       7
       5
       3
       4
       8
       4
       7
       1
       2
       9
       3
       1
       5
      10
       3
       7
       2
       4
       8
       3
       5
       2
       4
       8
       4
       5
       9
       8
       6
       3
       0
       2
       3
       4
       4
       4
       4
       3
       3
       2
       4
       2
       2
       2
       2
       2
       0
       1
       5
       3
       4
       3
       3
       4
       6
       2
       1
       3
       1
       8
       2
       3
       2
       1
       2
       1
       2
       3
       2
       7
       7
       7
       2
       4
       3
       4
       5
      10
       9
       7
       5
       5
       1
       1
       4
       1
       3
       0
       1
       0
       0
       0
       0
       0
       2
       0
       2
       0
       1
       2
       1
       1
       1
       1
       2
       1
       1
       3
       0
       0
       2
       1
       1
       1
       0
       0
       1
       0
       1
       0
       2
       0
       0
       0
       0
       0
       1
       0
       0
       3
       1
       1
       1
       0
       0
       0
       0
       1
       2
       0
       1
       1
       0
       0
       1
       0
       0
       0
       0
       1
       0
       0
       0
       0
       1
       1
       1
       2
       0
       0
       0
       1
       0
       1
       0
       1
       0
       0
       0
       0
       1
       3
       0
       0
       0
       0
       1
       0
       2
       1
       0
       1
       0
       0
       2
       3
       0
       1
       1
       0
       0
       0
       1
       0
       3
       2
       1
       0
       1
       1
       1
       0
       0
       1
       0
       0
       2
       1
       0
       0
       1
       0
       2
       0
       1
       0
       0
       0
       0
       1
       1
       0
       0
       0
       1
       1
       0
       0
       0
       1
       0
       1
       0
       0
       2
       1
       1
       0
       0
       0
       0
       0
       0
       0
       2
       0
       0
       2
       0
       0
       0
       0
       1
       1
       0
       0
       1
       0
       2
       2
       1
       0
       0
       0
       0
       0
       1
       0
       0
       0
       0
       1
       0
       0
       0
       0
       0
       0
       0
       0
       0
       0
       0
       0
       0
       0
       0
       0
       0
       0
       0
       0
       0
       0
       0
       0
       0
       0
       1
       0
       0
       0
       0
       0
       0
       0
       0
       0
       0
       0
       0
       1
       0
       0
       0
       0
       0
       0
       1
       0
       0
       0
       0
       0
       0
       0
       0
       0
       0
       0
       0
       0
       0
       0
       0
       0
       0
       0
       0
       0
       0
       0
       0
       0
       0
       0
       0
       0
       0
       0
$ROI:
1
101 125
$PRESETS:
Live Time
300
0
$ENER_FIT:
0.000000 0.000000
$MCA_CAL:
3
0.000000E+000 0.000000E+000 0.000000E+000 
$SHAPE_CAL:
3
0.000000E+000 0.000000E+000 0.000000E+000
