#no 112.98
#8707 pm 106

$SPEC_ID:
No sample description was entered.
$SPEC_REM:
DET# 1
DETDESC# PRAK01 Easy-MCA-2k SN 15071856
AP# Maestro Version 7.01
$DATE_MEA:
07/30/2002 01:09:03
$MEAS_TIM:
300 300
$DATA:
0 511
       0
       0
       0
       0
       0
       0
       0
       0
       0
       0
       0
       0
       0
       0
       0
       0
       0
       0
       5
     155
     168
     181
     217
     203
     244
     244
     238
     229
     247
     269
     269
     245
     280
     285
     272
     277
     260
     318
     291
     248
     250
     240
     234
     233
     272
     266
     220
     215
     227
     214
     191
     185
     193
     184
     197
     185
     198
     184
     189
     200
     199
     181
     196
     193
     175
     181
     177
     206
     203
     150
     190
     168
     184
     174
     192
     176
     174
     173
     162
     154
     142
     130
     114
     110
     114
      76
      87
      73
      79
      78
      76
      71
      75
      76
      66
      77
      88
      82
      76
      88
      78
      65
      85
      82
     122
     146
     233
     326
     469
     637
     767
     948
    1061
    1102
    1064
     950
     789
     614
     411
     238
     154
     113
      33
      29
      16
      13
       7
       7
       9
      10
       6
       4
       3
      10
       6
       9
       4
       5
       6
       9
       7
       2
       3
       5
       8
       6
       9
       8
       8
       4
      10
       8
       3
       6
       8
       6
       6
      10
       6
       7
       9
       7
       6
       1
       4
       3
       4
      11
       6
       4
       4
       3
       3
       1
       6
       3
       3
       3
       2
       5
       3
       6
       5
       4
       4
       3
       7
       6
       3
       2
       5
       4
       7
       5
       4
       3
       7
       3
       4
       6
       4
       1
       1
       1
       3
       1
       1
       2
       1
       1
       2
       4
       3
       0
       1
       4
       1
       1
       3
       4
       3
       2
       0
       2
       0
       0
       3
       3
       2
       2
       5
       5
       5
       5
      10
       1
       7
       4
       7
       7
       3
      10
       4
       2
       0
       2
       1
       6
       2
       2
       2
       0
       3
       0
       0
       0
       0
       0
       2
       4
       1
       2
       0
       2
       1
       0
       2
       1
       1
       2
       2
       0
       0
       0
       1
       1
       1
       2
       2
       0
       0
       3
       2
       0
       1
       0
       0
       1
       1
       2
       3
       2
       0
       3
       0
       0
       1
       1
       0
       3
       0
       1
       1
       1
       3
       0
       0
       0
       0
       0
       0
       0
       0
       1
       0
       0
       1
       2
       0
       1
       0
       0
       1
       0
       0
       0
       0
       0
       1
       0
       0
       0
       0
       0
       0
       0
       1
       0
       1
       0
       0
       2
       0
       1
       1
       1
       0
       1
       1
       2
       1
       1
       1
       1
       0
       1
       0
       0
       0
       0
       0
       0
       0
       0
       1
       0
       0
       0
       1
       2
       0
       0
       0
       2
       1
       1
       0
       0
       0
       1
       1
       0
       0
       0
       0
       1
       0
       0
       0
       0
       0
       0
       0
       0
       0
       0
       0
       1
       0
       0
       0
       0
       0
       0
       0
       0
       0
       1
       1
       1
       0
       3
       0
       0
       1
       0
       0
       0
       0
       0
       0
       0
       1
       1
       0
       0
       0
       0
       0
       1
       0
       0
       0
       0
       0
       0
       0
       0
       0
       0
       0
       0
       1
       0
       0
       0
       0
       0
       0
       0
       0
       0
       0
       0
       0
       0
       0
       0
       0
       0
       0
       0
       0
       0
       0
       0
       0
       0
       0
       0
       0
       0
       1
       0
       0
       0
       0
       0
       0
       0
       0
       0
       0
       0
       0
       0
       0
       0
       0
       0
       0
       0
       0
       0
       0
       0
       0
       0
       0
       0
       0
       0
       0
       0
       0
       0
       0
       0
       0
       0
       0
       0
$ROI:
1
101 125
$PRESETS:
Live Time
300
0
$ENER_FIT:
0.000000 0.000000
$MCA_CAL:
3
0.000000E+000 0.000000E+000 0.000000E+000 
$SHAPE_CAL:
3
0.000000E+000 0.000000E+000 0.000000E+000
