#no 112.91
#8632 pm 107

$SPEC_ID:
No sample description was entered.
$SPEC_REM:
DET# 1
DETDESC# PRAK01 Easy-MCA-2k SN 15071856
AP# Maestro Version 7.01
$DATE_MEA:
07/30/2002 02:31:18
$MEAS_TIM:
300 300
$DATA:
0 511
       0
       0
       0
       0
       0
       0
       0
       0
       0
       0
       0
       0
       0
       0
       0
       0
       0
       0
       4
     134
     186
     199
     207
     211
     251
     236
     251
     293
     304
     260
     277
     275
     262
     283
     288
     300
     258
     292
     227
     227
     234
     242
     249
     261
     233
     254
     231
     228
     225
     226
     204
     184
     180
     201
     203
     186
     211
     204
     191
     180
     180
     216
     176
     228
     150
     184
     163
     175
     191
     181
     196
     200
     176
     182
     179
     205
     193
     178
     160
     168
     154
     141
     114
     138
     103
     109
     103
      85
      66
      82
      78
      62
      81
      86
      81
      92
      62
      99
      89
      80
      74
      93
      86
      91
     136
     179
     236
     368
     493
     641
     753
     966
    1077
    1158
    1042
     902
     780
     563
     387
     271
     143
      83
      37
      28
      17
      15
      11
       7
      12
      12
      10
       7
       7
       7
       9
       6
       7
       9
      12
       7
       3
       7
       3
      10
       3
       4
       7
       6
       5
       3
       7
       9
       9
       6
       5
       3
       5
       5
       3
       5
       6
       8
       6
       7
       3
       7
       3
       4
       6
       4
       2
       2
       3
       2
       4
       4
       2
       3
       7
       1
       7
       7
       6
       5
       3
       6
       2
       5
       3
       3
       8
       9
       2
       0
       3
       2
       1
       5
       2
       4
       3
       4
       0
       6
       1
       1
       3
       4
       1
       2
       3
       1
       4
       5
       2
       5
       2
       1
       3
       1
       2
       2
       1
       1
       5
       3
       2
       8
       2
       1
       6
       3
       9
       4
       5
       4
       6
       4
       5
       4
       3
       2
       5
       5
       3
       3
       6
       0
       2
       1
       3
       2
       3
       3
       0
       1
       1
       1
       0
       3
       0
       1
       0
       1
       2
       2
       0
       1
       2
       1
       0
       0
       0
       0
       1
       0
       1
       0
       1
       0
       0
       1
       0
       0
       1
       1
       1
       2
       0
       2
       0
       0
       1
       2
       2
       0
       0
       1
       0
       1
       1
       1
       1
       0
       0
       0
       1
       0
       0
       1
       0
       0
       0
       0
       0
       2
       1
       0
       1
       0
       1
       1
       1
       2
       1
       0
       0
       0
       1
       0
       2
       1
       0
       1
       0
       2
       0
       1
       1
       3
       2
       0
       2
       0
       0
       0
       0
       0
       1
       0
       0
       1
       0
       0
       0
       1
       2
       0
       0
       1
       1
       0
       1
       2
       0
       0
       3
       0
       0
       0
       0
       0
       0
       1
       0
       2
       0
       1
       0
       0
       0
       2
       2
       0
       0
       0
       0
       0
       1
       1
       0
       0
       0
       1
       1
       0
       0
       0
       0
       0
       0
       0
       0
       0
       0
       0
       0
       0
       0
       0
       3
       0
       1
       0
       0
       2
       1
       0
       1
       0
       0
       0
       0
       0
       2
       0
       0
       0
       0
       0
       0
       0
       0
       0
       0
       1
       0
       0
       0
       0
       0
       0
       0
       0
       1
       0
       0
       0
       0
       0
       0
       0
       0
       0
       0
       0
       0
       0
       0
       0
       0
       0
       0
       0
       0
       0
       0
       1
       0
       1
       0
       0
       0
       0
       0
       0
       0
       0
       0
       0
       0
       0
       0
       0
       0
       0
       0
       0
       0
       0
       0
       0
       0
       0
       0
       0
       0
       0
       0
       0
       0
       0
       0
       0
       0
       0
       0
       0
       0
       0
       0
       0
$ROI:
1
101 125
$PRESETS:
Live Time
300
0
$ENER_FIT:
0.000000 0.000000
$MCA_CAL:
3
0.000000E+000 0.000000E+000 0.000000E+000 
$SHAPE_CAL:
3
0.000000E+000 0.000000E+000 0.000000E+000
