#no 112.98
#22108 pm 168

$SPEC_ID:
No sample description was entered.
$SPEC_REM:
DET# 1
DETDESC# PRAK01 Easy-MCA-2k SN 15071856
AP# Maestro Version 7.01
$DATE_MEA:
07/30/2002 02:23:39
$MEAS_TIM:
300 300
$DATA:
0 511
       0
       0
       0
       0
       0
       0
       0
       0
       0
       0
       0
       0
       0
       0
       0
       0
       0
       0
       6
     286
     333
     362
     388
     373
     398
     443
     455
     481
     463
     454
     453
     497
     509
     461
     501
     489
     547
     544
     568
     476
     508
     501
     449
     478
     484
     459
     479
     463
     425
     444
     441
     450
     447
     458
     404
     379
     396
     416
     381
     437
     431
     379
     437
     436
     432
     377
     405
     377
     445
     403
     408
     423
     407
     400
     456
     444
     408
     397
     389
     367
     326
     295
     324
     245
     243
     221
     219
     178
     180
     189
     151
     157
     166
     164
     164
     164
     166
     152
     177
     174
     171
     166
     190
     242
     313
     408
     529
     831
    1133
    1529
    2010
    2435
    2829
    2797
    2771
    2419
    1983
    1425
     934
     652
     377
     196
     103
      46
      21
      12
      11
      12
       4
      13
       8
       6
      12
      11
      11
       7
      10
       8
       8
       5
       7
       2
       8
       5
       8
       9
       3
       8
      13
       5
       5
       7
      10
       9
       9
       8
       5
       4
      10
       7
       5
       5
       7
       1
       7
       6
       6
       5
       6
       7
       8
       4
       5
       7
       7
       7
       7
       5
       4
       8
       4
       6
       3
       7
       3
       1
       4
       6
       3
       2
       3
       6
       4
       4
       6
       2
       5
       1
       5
       5
       6
       2
       1
       5
       2
       1
       2
       7
       7
       2
       0
       2
       5
       2
       1
       3
       3
       0
       0
       2
       1
       4
       2
       0
       2
       3
       4
       2
       2
       2
       4
       2
       3
       5
       8
       1
       6
      10
       9
       5
       1
       6
       3
       5
       4
       0
       3
       2
       1
       1
       2
       1
       0
       1
       1
       0
       1
       0
       0
       0
       1
       0
       1
       0
       2
       0
       2
       0
       1
       1
       0
       0
       2
       4
       0
       1
       1
       2
       1
       1
       2
       0
       0
       3
       4
       1
       1
       1
       1
       0
       1
       0
       0
       0
       0
       1
       0
       0
       0
       1
       2
       0
       1
       0
       1
       0
       0
       1
       0
       0
       1
       0
       0
       1
       0
       0
       1
       2
       0
       1
       0
       0
       0
       1
       1
       2
       1
       1
       0
       0
       1
       1
       1
       2
       0
       0
       1
       0
       1
       1
       2
       0
       0
       0
       2
       0
       2
       1
       0
       0
       0
       0
       0
       1
       0
       1
       0
       0
       0
       1
       0
       0
       1
       0
       0
       0
       0
       2
       0
       0
       0
       1
       1
       0
       0
       1
       0
       2
       0
       1
       1
       0
       2
       1
       1
       1
       0
       0
       0
       1
       0
       0
       0
       1
       0
       1
       1
       0
       0
       0
       0
       1
       0
       1
       0
       0
       1
       1
       1
       2
       1
       0
       0
       0
       0
       0
       0
       0
       0
       1
       1
       1
       0
       1
       0
       1
       0
       0
       0
       0
       1
       0
       0
       0
       0
       1
       0
       0
       0
       0
       0
       1
       0
       0
       0
       1
       1
       0
       0
       1
       0
       0
       0
       0
       0
       0
       0
       0
       0
       0
       0
       0
       0
       0
       0
       0
       0
       0
       0
       0
       0
       1
       0
       0
       0
       0
       0
       0
       0
       0
       0
       0
       0
       0
       0
       0
       0
       0
       0
       0
       0
       0
       0
       0
       0
       0
       0
       0
       0
       0
       0
       0
       0
       0
       0
       0
       0
       0
       0
       0
       0
       0
$ROI:
1
101 125
$PRESETS:
Live Time
300
0
$ENER_FIT:
0.000000 0.000000
$MCA_CAL:
3
0.000000E+000 0.000000E+000 0.000000E+000 
$SHAPE_CAL:
3
0.000000E+000 0.000000E+000 0.000000E+000
