#no. 112.95
#21250 pm 165

$SPEC_ID:
No sample description was entered.
$SPEC_REM:
DET# 1
DETDESC# PRAK01 Easy-MCA-2k SN 15071856
AP# Maestro Version 7.01
$DATE_MEA:
07/30/2002 01:43:39
$MEAS_TIM:
300 300
$DATA:
0 511
       0
       0
       0
       0
       0
       0
       0
       0
       0
       0
       0
       0
       0
       0
       0
       0
       0
       0
       8
     274
     335
     374
     385
     451
     421
     401
     439
     435
     436
     411
     476
     478
     487
     469
     506
     503
     495
     523
     497
     479
     459
     474
     463
     464
     448
     472
     445
     429
     443
     408
     424
     404
     394
     424
     430
     389
     392
     380
     388
     407
     395
     369
     377
     391
     382
     353
     358
     377
     389
     411
     383
     413
     395
     362
     385
     381
     393
     387
     390
     357
     347
     324
     276
     254
     224
     193
     160
     194
     187
     149
     170
     162
     160
     152
     137
     137
     160
     154
     168
     167
     170
     170
     195
     216
     259
     402
     556
     709
    1076
    1510
    1952
    2382
    2637
    2785
    2580
    2246
    1970
    1351
     951
     646
     370
     200
     118
      48
      28
      11
      11
      12
       6
       4
       6
       8
       5
      10
      10
       8
       9
      10
       5
       4
       8
       2
       5
       6
       4
       9
       6
       3
       5
       7
       8
       7
       7
       6
      11
       5
       7
       7
       8
       6
       1
       8
       9
       3
       6
       5
       3
      11
       3
       8
       6
       6
       9
       5
       3
       6
       9
       7
       3
       1
       6
       7
       4
       2
       3
       3
       6
       2
       8
       5
       1
       5
       5
       1
       2
       4
       3
       2
       1
       4
       4
       3
       4
       3
       3
       3
       3
       3
       5
       2
       5
       2
       1
       3
       1
       1
       0
       6
       3
       4
       4
       1
       1
       2
       2
       3
       3
       0
       2
       2
       3
       2
       7
       8
       6
       5
       4
      14
       7
       4
       3
       4
       1
       3
       1
       7
       3
       0
       3
       1
       2
       3
       1
       0
       0
       1
       2
       0
       2
       1
       0
       1
       2
       0
       2
       0
       1
       2
       0
       0
       2
       2
       0
       1
       3
       0
       1
       1
       1
       0
       0
       1
       0
       0
       1
       0
       3
       1
       0
       1
       1
       2
       2
       0
       1
       0
       0
       2
       1
       1
       0
       1
       0
       1
       0
       0
       0
       0
       1
       0
       0
       0
       0
       1
       2
       1
       1
       0
       0
       2
       0
       0
       1
       0
       0
       0
       2
       1
       2
       1
       0
       0
       1
       0
       1
       0
       1
       1
       1
       0
       4
       0
       0
       1
       1
       2
       0
       0
       1
       1
       0
       0
       0
       1
       0
       0
       0
       0
       1
       0
       1
       0
       0
       1
       0
       0
       0
       1
       0
       0
       0
       1
       0
       0
       0
       1
       1
       0
       0
       0
       0
       0
       0
       0
       0
       0
       0
       2
       0
       0
       0
       0
       1
       0
       1
       0
       0
       1
       0
       0
       0
       1
       0
       1
       0
       0
       0
       1
       0
       1
       0
       2
       0
       0
       0
       0
       1
       1
       2
       1
       2
       0
       0
       0
       0
       0
       0
       1
       0
       0
       0
       1
       0
       1
       0
       0
       0
       0
       0
       0
       1
       1
       0
       0
       0
       0
       1
       0
       0
       0
       0
       0
       0
       0
       0
       0
       1
       0
       0
       0
       0
       0
       0
       0
       0
       0
       0
       0
       0
       0
       0
       0
       0
       0
       0
       0
       0
       0
       0
       0
       0
       0
       0
       0
       0
       0
       0
       0
       0
       0
       0
       0
       0
       0
       0
       0
       0
       0
       0
       0
       0
       0
       0
       0
       0
       0
       0
       0
       0
       0
       0
       0
$ROI:
1
101 125
$PRESETS:
Live Time
300
0
$ENER_FIT:
0.000000 0.000000
$MCA_CAL:
3
0.000000E+000 0.000000E+000 0.000000E+000 
$SHAPE_CAL:
3
0.000000E+000 0.000000E+000 0.000000E+000
