#113.1
#8440 pm 106

$SPEC_ID:
No sample description was entered.
$SPEC_REM:
DET# 1
DETDESC# PRAK01 Easy-MCA-2k SN 15071856
AP# Maestro Version 7.01
$DATE_MEA:
07/30/2002 02:01:28
$MEAS_TIM:
300 300
$DATA:
0 511
       0
       0
       0
       0
       0
       0
       0
       0
       0
       0
       0
       0
       0
       0
       0
       0
       0
       0
       6
     158
     179
     166
     195
     200
     235
     220
     246
     246
     238
     268
     276
     272
     279
     281
     270
     262
     291
     274
     252
     264
     256
     248
     241
     237
     234
     212
     207
     202
     223
     207
     202
     195
     203
     200
     192
     169
     195
     206
     199
     198
     191
     165
     209
     177
     166
     197
     176
     186
     176
     184
     181
     218
     167
     171
     174
     186
     206
     178
     160
     173
     154
     134
     126
     132
     114
     108
      85
      79
      80
     101
      90
      72
      84
      65
      82
      71
      72
      65
      96
      89
      83
      78
      81
      99
     134
     181
     194
     290
     443
     603
     797
     904
    1053
    1105
    1021
    1011
     766
     615
     441
     250
     140
     112
      51
      28
      25
       6
       8
      10
       9
       6
       6
      11
       5
       5
      14
       5
       5
       3
       4
       4
      12
       8
       5
       6
       7
       4
       6
       5
      11
       8
       6
      10
       6
       6
       8
       1
      12
       6
       4
       4
       8
       7
       5
       6
       3
       8
       9
       1
       3
       6
       5
       7
       2
       7
       3
       5
       6
       5
       3
       4
       4
       7
       1
       5
       5
       6
       4
       6
       5
       6
       5
       2
       3
       0
       1
       3
       3
       3
       3
       6
       7
       5
       4
       4
       3
       2
       4
       3
       2
       0
       4
       1
       0
       3
       3
       1
       2
       3
       1
       2
       1
       3
       3
       1
       4
       0
       0
       3
       1
       1
       6
       6
       3
       4
       4
       1
       4
       5
       4
       9
       4
       5
       2
       6
       6
       3
       3
       3
       1
       3
       3
       0
       0
       0
       3
       2
       2
       1
       1
       0
       0
       1
       2
       1
       2
       0
       0
       1
       0
       2
       2
       0
       0
       1
       1
       1
       1
       0
       0
       0
       0
       2
       2
       0
       0
       1
       1
       1
       1
       0
       0
       1
       1
       0
       1
       0
       0
       0
       0
       1
       2
       1
       0
       0
       0
       1
       1
       0
       0
       1
       0
       1
       0
       2
       0
       1
       0
       1
       2
       1
       0
       1
       2
       0
       1
       0
       1
       0
       0
       0
       0
       3
       0
       0
       0
       0
       2
       0
       0
       1
       0
       0
       1
       1
       1
       2
       1
       1
       0
       1
       2
       1
       1
       0
       0
       0
       0
       0
       1
       0
       0
       0
       0
       0
       0
       1
       1
       1
       1
       0
       0
       0
       1
       1
       0
       0
       1
       0
       0
       1
       1
       0
       0
       0
       0
       0
       0
       0
       0
       0
       0
       0
       0
       0
       0
       0
       0
       0
       0
       0
       0
       1
       0
       0
       0
       0
       0
       1
       1
       0
       1
       1
       0
       0
       0
       0
       0
       1
       1
       0
       1
       0
       0
       2
       1
       1
       2
       0
       0
       0
       1
       0
       0
       0
       0
       0
       0
       0
       0
       0
       0
       0
       1
       1
       0
       0
       0
       0
       0
       0
       0
       0
       1
       0
       0
       0
       0
       0
       0
       0
       0
       0
       0
       0
       0
       0
       0
       0
       0
       0
       0
       0
       0
       0
       0
       1
       0
       0
       0
       0
       0
       0
       0
       0
       0
       0
       0
       0
       0
       0
       0
       0
       0
       0
       0
       0
       0
       0
       0
       0
       0
       0
       0
       0
       0
       0
       0
       0
       0
       0
       0
       0
$ROI:
1
101 125
$PRESETS:
Live Time
300
0
$ENER_FIT:
0.000000 0.000000
$MCA_CAL:
3
0.000000E+000 0.000000E+000 0.000000E+000 
$SHAPE_CAL:
3
0.000000E+000 0.000000E+000 0.000000E+000
