#no 112.94
#9966 pm 114

$SPEC_ID:
No sample description was entered.
$SPEC_REM:
DET# 1
DETDESC# PRAK01 Easy-MCA-2k SN 15071856
AP# Maestro Version 7.01
$DATE_MEA:
07/30/2002 02:55:15
$MEAS_TIM:
300 300
$DATA:
0 511
       0
       0
       0
       0
       0
       0
       0
       0
       0
       0
       0
       0
       0
       0
       0
       0
       0
       0
       3
     134
     174
     210
     207
     241
     220
     265
     237
     276
     276
     284
     281
     279
     269
     255
     259
     285
     289
     299
     266
     268
     266
     261
     237
     242
     250
     255
     212
     240
     250
     206
     202
     215
     224
     210
     196
     210
     222
     194
     188
     215
     212
     202
     194
     185
     205
     208
     207
     219
     177
     189
     175
     205
     178
     174
     203
     178
     210
     186
     187
     182
     178
     166
     124
     128
     114
      94
      94
      83
      92
      81
      75
      97
      81
      66
      75
      74
     101
      72
      93
      86
      95
      80
     107
     115
     132
     186
     265
     386
     560
     711
     920
    1069
    1246
    1220
    1228
    1031
     897
     708
     458
     332
     171
      91
      52
      31
      17
      13
       9
       6
      10
       7
       8
       9
      11
       6
       6
       8
       5
       9
       9
       4
       5
      11
       5
       5
       3
      11
       9
       4
       4
       7
      13
       8
      13
       6
       8
       4
       5
       8
       6
       6
       5
       7
       3
      10
       5
       5
       3
       4
       9
       4
       8
       5
       6
       4
       6
       6
       5
       4
       3
       4
       4
       6
       8
       6
       5
       5
       2
       7
       3
       5
       6
       3
       0
       9
       3
       1
       6
       4
       5
       3
       1
       6
       4
       4
       3
       2
       5
       0
       3
       3
       5
       2
       3
       1
       0
       2
       2
       1
       4
       5
       2
       2
       1
       4
       1
       1
       2
       3
       0
       4
       3
       8
       3
       3
       7
       7
       7
       6
       6
       7
       3
       0
       4
       6
       1
       4
       4
       5
       2
       2
       1
       0
       2
       1
       2
       0
       1
       0
       0
       2
       0
       0
       3
       0
       1
       2
       0
       0
       0
       1
       0
       0
       1
       0
       0
       6
       2
       0
       2
       0
       0
       1
       3
       1
       5
       0
       0
       0
       0
       2
       0
       1
       1
       1
       1
       2
       0
       1
       0
       0
       1
       1
       0
       1
       0
       0
       0
       0
       1
       1
       0
       0
       0
       0
       1
       1
       0
       1
       0
       0
       1
       0
       0
       0
       0
       0
       3
       0
       0
       0
       1
       1
       1
       0
       1
       1
       1
       1
       0
       0
       0
       1
       0
       2
       1
       1
       0
       1
       2
       0
       2
       0
       2
       0
       0
       1
       1
       1
       0
       0
       0
       0
       0
       0
       1
       0
       2
       0
       0
       0
       0
       1
       0
       0
       0
       0
       0
       0
       0
       1
       1
       0
       0
       0
       1
       0
       0
       0
       1
       0
       0
       0
       1
       0
       0
       0
       0
       0
       0
       0
       0
       0
       0
       0
       1
       0
       0
       0
       0
       0
       0
       0
       0
       0
       1
       0
       2
       2
       1
       0
       1
       0
       0
       0
       0
       2
       1
       0
       0
       0
       0
       0
       0
       0
       0
       0
       0
       0
       0
       0
       0
       0
       0
       1
       0
       0
       0
       0
       0
       0
       0
       0
       0
       1
       0
       0
       0
       1
       1
       0
       1
       0
       0
       0
       0
       0
       0
       0
       0
       0
       0
       0
       0
       0
       0
       0
       0
       0
       0
       0
       1
       0
       0
       0
       0
       0
       0
       0
       0
       0
       0
       0
       0
       0
       0
       0
       0
       0
       0
       0
       0
       0
       0
       0
       0
       0
       0
       0
       0
       0
       0
       0
$ROI:
1
101 125
$PRESETS:
Live Time
300
0
$ENER_FIT:
0.000000 0.000000
$MCA_CAL:
3
0.000000E+000 0.000000E+000 0.000000E+000 
$SHAPE_CAL:
3
0.000000E+000 0.000000E+000 0.000000E+000
