#no 112.91
#17586 pm 150

$SPEC_ID:
No sample description was entered.
$SPEC_REM:
DET# 1
DETDESC# PRAK01 Easy-MCA-2k SN 15071856
AP# Maestro Version 7.01
$DATE_MEA:
07/30/2002 03:42:05
$MEAS_TIM:
300 300
$DATA:
0 511
       0
       0
       0
       0
       0
       0
       0
       0
       0
       0
       0
       0
       0
       0
       0
       0
       0
       0
       6
     238
     318
     311
     325
     341
     309
     347
     376
     348
     423
     392
     424
     420
     393
     412
     416
     422
     453
     435
     467
     423
     408
     398
     393
     429
     381
     397
     392
     369
     356
     385
     358
     332
     340
     328
     342
     316
     358
     299
     326
     332
     322
     326
     346
     344
     372
     322
     304
     313
     331
     340
     307
     316
     330
     321
     313
     357
     301
     299
     337
     305
     231
     240
     228
     217
     177
     175
     166
     170
     148
     114
     143
     139
     142
     138
     133
     131
     127
     119
     134
     134
     150
     145
     164
     207
     216
     310
     480
     672
     873
    1316
    1699
    1986
    2153
    2174
    2073
    1875
    1538
    1246
     732
     510
     277
     158
      74
      40
      21
      10
      12
       6
      11
      13
       7
      14
      10
      10
       9
       6
       8
       6
       2
       7
       7
       8
      11
       8
       5
       6
      12
       7
       3
       5
       5
      15
       8
       5
       3
       7
       5
       7
       5
       5
       5
       7
       3
       8
       6
       1
       7
       7
      12
       4
       8
       5
       4
       4
       6
       5
       1
       3
       5
       6
       3
       2
       6
       9
       5
       5
       5
       2
       3
       4
       3
       7
       1
       5
       4
       3
       2
       4
       5
       4
       1
       2
       7
       1
       8
       5
       3
       3
       4
       2
       5
       1
       2
       2
       6
       5
       5
       1
       3
       2
       5
       2
       2
       1
       4
       3
       1
       2
       1
       2
       2
       6
       5
       4
       3
       4
       2
      10
       5
       4
       2
       1
       6
       2
       1
       3
       1
       1
       0
       0
       4
       1
       1
       0
       0
       2
       5
       2
       1
       2
       0
       0
       2
       2
       1
       1
       1
       0
       0
       1
       2
       1
       0
       0
       3
       1
       1
       3
       1
       1
       2
       2
       1
       2
       1
       2
       0
       1
       1
       1
       1
       1
       1
       0
       3
       1
       0
       0
       1
       1
       0
       0
       1
       0
       2
       0
       1
       1
       1
       0
       0
       0
       0
       1
       1
       0
       0
       0
       3
       0
       0
       3
       2
       2
       0
       0
       2
       0
       0
       0
       1
       2
       0
       0
       2
       0
       0
       1
       0
       0
       1
       0
       1
       2
       3
       0
       1
       0
       2
       0
       0
       2
       0
       0
       1
       0
       1
       1
       0
       0
       0
       0
       1
       0
       1
       0
       2
       0
       0
       2
       0
       2
       0
       0
       0
       1
       1
       0
       1
       0
       1
       0
       1
       1
       1
       0
       0
       0
       1
       0
       0
       0
       0
       1
       0
       1
       0
       1
       0
       0
       0
       0
       0
       0
       1
       0
       1
       0
       2
       3
       0
       1
       0
       0
       1
       0
       0
       0
       0
       0
       0
       0
       2
       2
       0
       0
       0
       0
       0
       1
       0
       0
       1
       0
       0
       0
       0
       0
       0
       0
       0
       0
       0
       0
       0
       0
       0
       0
       0
       0
       0
       0
       0
       0
       0
       0
       0
       0
       0
       0
       0
       0
       0
       0
       0
       0
       0
       0
       0
       0
       0
       0
       1
       0
       0
       0
       0
       0
       0
       0
       0
       0
       0
       0
       0
       0
       0
       0
       0
       0
       0
       0
       0
       0
       0
       0
       0
       0
       0
       0
       0
       0
       0
       0
       0
       0
       0
       0
       0
       0
       0
       0
$ROI:
1
101 125
$PRESETS:
Live Time
300
0
$ENER_FIT:
0.000000 0.000000
$MCA_CAL:
3
0.000000E+000 0.000000E+000 0.000000E+000 
$SHAPE_CAL:
3
0.000000E+000 0.000000E+000 0.000000E+000
