#no 113.05
#21835 pm 167

$SPEC_ID:
No sample description was entered.
$SPEC_REM:
DET# 1
DETDESC# PRAK01 Easy-MCA-2k SN 15071856
AP# Maestro Version 7.01
$DATE_MEA:
07/30/2002 03:02:31
$MEAS_TIM:
300 300
$DATA:
0 511
       0
       0
       0
       0
       0
       0
       0
       0
       0
       0
       0
       0
       0
       0
       0
       0
       0
       0
       7
     308
     376
     408
     345
     375
     385
     393
     444
     396
     438
     467
     518
     505
     468
     463
     476
     524
     515
     523
     518
     516
     458
     499
     521
     455
     490
     478
     424
     442
     442
     466
     438
     410
     408
     420
     427
     430
     423
     388
     359
     410
     386
     391
     406
     363
     377
     410
     388
     351
     422
     414
     412
     394
     435
     440
     408
     404
     422
     399
     389
     378
     349
     330
     281
     256
     256
     217
     196
     185
     176
     142
     152
     150
     169
     167
     164
     175
     166
     176
     175
     150
     172
     176
     171
     211
     311
     382
     570
     789
    1169
    1510
    1955
    2306
    2640
    2810
    2666
    2373
    1950
    1461
    1047
     672
     359
     196
      98
      44
      27
      12
       9
      13
       9
       4
       7
       4
       5
       7
       5
       7
       6
       9
      12
      12
       4
       5
       5
       4
       1
       5
      12
       7
       9
       3
       6
       3
       8
       8
       8
       4
       3
       7
       8
       8
       1
       4
      10
       6
       4
       4
       6
       3
       1
       6
       4
       3
       8
       2
      11
       4
       0
       5
       7
       5
       4
       7
       4
      12
       3
       6
       4
       7
       4
       2
       5
      12
       3
       4
       7
       1
       1
       5
       2
       4
       3
       2
       6
       3
       2
       2
       1
       1
       1
       2
       1
       5
       2
       4
       2
       2
       2
       3
       2
       3
       4
       4
       1
       1
       2
       3
       2
       6
       6
       4
       2
       4
       3
       1
       5
       7
       5
       3
       5
       7
       4
      10
       5
       1
       3
       1
       0
       2
       0
       1
       0
       2
       0
       3
       1
       1
       3
       1
       0
       1
       0
       2
       0
       0
       0
       1
       0
       1
       0
       1
       3
       1
       0
       0
       1
       1
       2
       1
       0
       0
       1
       1
       1
       1
       1
       2
       0
       3
       0
       1
       1
       0
       1
       0
       0
       0
       6
       1
       0
       0
       0
       0
       0
       0
       0
       0
       1
       0
       2
       1
       2
       1
       1
       0
       0
       0
       0
       0
       2
       1
       0
       0
       1
       0
       0
       0
       1
       1
       0
       2
       1
       1
       1
       0
       0
       0
       2
       1
       0
       1
       0
       2
       0
       0
       1
       0
       0
       0
       0
       1
       0
       0
       0
       0
       0
       2
       0
       0
       1
       0
       0
       3
       0
       1
       0
       1
       1
       2
       0
       0
       0
       0
       0
       1
       0
       0
       0
       0
       1
       0
       0
       0
       0
       1
       0
       0
       0
       0
       0
       0
       0
       1
       1
       0
       0
       0
       1
       1
       0
       0
       0
       0
       0
       0
       0
       0
       0
       1
       1
       0
       0
       2
       0
       0
       2
       1
       0
       0
       2
       0
       0
       1
       1
       1
       0
       1
       0
       0
       1
       0
       1
       0
       0
       0
       1
       0
       0
       0
       0
       0
       0
       0
       0
       0
       0
       0
       0
       1
       0
       0
       0
       0
       0
       0
       0
       0
       0
       0
       0
       0
       0
       0
       0
       0
       0
       0
       0
       0
       0
       0
       0
       0
       0
       0
       0
       0
       0
       0
       0
       0
       0
       0
       0
       0
       0
       1
       0
       0
       0
       0
       0
       0
       0
       0
       0
       0
       0
       0
       0
       0
       0
       0
       0
       0
       0
       0
       0
       0
       0
       0
       0
       0
$ROI:
1
101 125
$PRESETS:
Live Time
300
0
$ENER_FIT:
0.000000 0.000000
$MCA_CAL:
3
0.000000E+000 0.000000E+000 0.000000E+000 
$SHAPE_CAL:
3
0.000000E+000 0.000000E+000 0.000000E+000
