#47338 pm 261

$SPEC_ID:
No sample description was entered.
$SPEC_REM:
DET# 1
DETDESC# PRAK01 Easy-MCA-2k SN 15071856
AP# Maestro Version 7.01
$DATE_MEA:
07/30/2002 00:20:24
$MEAS_TIM:
300 300
$DATA:
0 511
       0
       0
       0
       0
       0
       0
       0
       0
       0
       0
       1
       3
       0
       1
       3
       3
       5
       2
      23
     634
     872
     825
     868
     853
     902
     960
     980
    1008
     991
     969
    1018
    1054
    1107
    1143
    1131
    1229
    1325
    1256
    1257
    1291
    1221
    1205
    1240
    1154
    1099
    1093
    1068
    1063
    1005
    1036
    1000
    1051
     993
     934
     996
     983
     931
     985
     946
     965
     933
     953
     932
     960
     966
     944
     913
     948
     952
     972
    1012
     983
     989
     920
     930
     944
     876
     879
     897
     828
     782
     668
     587
     526
     476
     478
     430
     395
     385
     366
     392
     350
     358
     335
     369
     364
     400
     403
     408
     427
     453
     572
     676
     887
    1265
    1691
    2425
    3216
    4173
    5002
    5595
    6092
    6096
    5741
    4979
    4140
    3107
    2269
    1494
     890
     485
     243
     127
      66
      30
      20
      14
       8
      14
       5
      13
      12
       6
      11
      12
       9
       8
       6
       9
       5
      11
       6
      13
       7
       9
       7
       7
       5
       6
       5
       6
       5
       8
       8
       6
       5
       3
       8
       9
       5
       8
       9
       7
       7
       4
       6
       6
       3
       7
       3
       5
       2
       8
       1
       6
       7
       8
      10
       7
       9
       5
       7
       2
       6
       2
       4
       6
       4
       6
       2
       4
       3
       5
       6
       9
       3
       3
       3
       0
       2
       1
       4
       3
       1
       6
       1
       4
       3
       2
       7
       1
       2
       8
       5
       1
       3
       1
       5
       4
       4
       2
       2
       3
       6
       4
       5
       4
       5
       3
       4
       8
       8
       4
       5
       4
       2
       4
       5
       3
       1
       3
       4
       2
       5
       0
       3
       0
       1
       2
       1
       0
       1
       0
       0
       1
       1
       1
       0
       2
       0
       0
       0
       1
       0
       2
       1
       1
       0
       0
       0
       2
       2
       0
       1
       3
       1
       0
       1
       2
       0
       1
       1
       1
       0
       0
       2
       2
       1
       0
       1
       0
       2
       0
       1
       0
       0
       2
       0
       2
       0
       3
       1
       0
       1
       0
       1
       0
       0
       0
       0
       0
       0
       0
       0
       0
       1
       1
       1
       2
       1
       1
       1
       1
       0
       1
       1
       1
       1
       1
       2
       0
       0
       0
       1
       1
       1
       1
       2
       0
       1
       0
       0
       1
       1
       0
       1
       0
       0
       0
       2
       0
       1
       0
       0
       0
       0
       2
       0
       1
       2
       0
       0
       0
       0
       0
       0
       0
       1
       0
       2
       0
       2
       0
       0
       1
       0
       0
       0
       0
       0
       0
       0
       0
       1
       0
       0
       1
       0
       0
       0
       0
       0
       0
       0
       0
       0
       0
       0
       1
       1
       0
       0
       0
       0
       1
       0
       1
       0
       0
       1
       0
       0
       0
       1
       0
       0
       1
       0
       1
       0
       2
       0
       1
       0
       0
       0
       0
       1
       0
       0
       0
       0
       0
       0
       0
       0
       0
       1
       0
       0
       0
       0
       0
       0
       0
       0
       0
       0
       0
       0
       0
       0
       0
       0
       0
       0
       0
       0
       0
       0
       0
       0
       0
       0
       0
       0
       0
       0
       1
       0
       0
       0
       0
       0
       0
       0
       0
       0
       0
       0
       0
       0
       0
       0
       0
       0
       0
       0
       0
       0
       0
       0
       0
       0
       0
       0
       0
       0
       0
       0
       0
       0
       0
       0
       0
       0
       0
       0
       0
       0
       0
       0
$ROI:
0
$PRESETS:
Live Time
300
0
$ENER_FIT:
0.000000 0.000000
$MCA_CAL:
3
0.000000E+000 0.000000E+000 0.000000E+000 
$SHAPE_CAL:
3
0.000000E+000 0.000000E+000 0.000000E+000
