6005.000 1.948
6010.000 4.785
6015.000 4.782
6020.000 4.952
6025.000 5.164
6030.000 5.283
6035.000 5.570
6040.000 5.718
6045.000 6.064
6050.000 6.470
6055.000 6.703
6060.000 7.238
6065.000 7.550
6070.000 9.171
6075.000 8.746
6080.000 9.776
6085.000 11.030
6090.000 11.782
6095.000 13.683
6100.000 16.233
6105.000 17.832
6110.000 21.813
6115.000 24.213
6120.000 29.320
6125.000 32.712
6130.000 32.542
6135.000 27.973
6140.000 24.757
6145.000 19.384
6150.000 15.674
6155.000 14.272
6160.000 12.074
6165.000 11.205
6170.000 9.801
6175.000 8.714
6180.000 8.262
6185.000 7.491
6190.000 7.161
6195.000 6.595
6200.000 6.123
6205.000 5.917
6210.000 5.542
6215.000 5.386
6220.000 5.093
6225.000 4.845
6230.000 4.733
6235.000 4.532
6240.000 4.443
6245.000 4.280
6250.000 4.140
6255.000 4.079
6260.000 3.961
6265.000 3.914
6270.000 3.825
6275.000 3.744
6280.000 3.712
6285.000 3.651
6290.000 3.626
6295.000 3.583
6300.000 3.551
6305.000 3.536
6310.000 3.517
6315.000 3.510
6320.000 3.507
6325.000 3.510
6330.000 3.514
6335.000 3.536
6340.000 3.547
6345.000 3.580
6350.000 3.601
6355.000 3.646
6360.000 3.710
6365.000 3.741
6370.000 3.823
6375.000 3.866
6380.000 3.964
6385.000 4.082
6390.000 4.143
6395.000 4.291
6400.000 4.371
6405.000 4.551
6410.000 4.762
6415.000 4.876
6420.000 5.143
6425.000 5.291
6430.000 5.631
6435.000 6.019
6440.000 6.243
6445.000 6.762
6450.000 7.062
6455.000 7.763
6460.000 8.642
6465.000 9.168
6470.000 10.440
6475.000 11.221
6480.000 13.191
6485.000 15.903
6490.000 17.652
6495.000 22.142
6500.000 24.908
6505.000 31.158
6510.000 35.205
6515.000 34.531
6520.000 27.462
6525.000 23.488
6530.000 17.881
6535.000 14.309
6540.000 12.997
6545.000 10.977
6550.000 10.182
6555.000 8.901
6560.000 7.928
6565.000 7.519
6570.000 6.821
6575.000 6.521
6580.000 6.003
6585.000 5.576
6590.000 5.387
6595.000 5.055
6600.000 4.909
6605.000 4.647
6610.000 4.426
6615.000 4.321
6620.000 4.141
6625.000 4.063
6630.000 3.911
6635.000 3.790
6640.000 3.731
6645.000 3.626
6650.000 3.587
6655.000 3.507
6660.000 3.434
6665.000 3.405
6670.000 3.349
6675.000 3.325
6680.000 3.289
6685.000 3.260
6690.000 3.251
6695.000 3.234
6700.000 3.231
6705.000 3.234
6710.000 3.241
6715.000 3.251
6720.000 3.271
6725.000 3.287
6730.000 3.323
6735.000 3.364
6740.000 3.390
6745.000 3.447
6750.000 3.485
6755.000 3.566
6760.000 3.658
6765.000 3.708
6770.000 3.830
6775.000 3.888
6780.000 4.037
6785.000 4.210
6790.000 4.301
6795.000 4.510
6800.000 4.626
6805.000 4.890
6810.000 5.197
6815.000 5.372
6820.000 5.776
6825.000 6.001
6830.000 6.526
6835.000 7.171
6840.000 7.544
6845.000 8.440
6850.000 8.968
6855.000 10.264
6860.000 11.923
6865.000 12.962
6870.000 15.541
6875.000 17.122
6880.000 20.812
6885.000 24.556
6890.000 25.853
6895.000 25.628
6900.000 23.931
6905.000 19.305
6910.000 15.448
6915.000 13.956
6920.000 11.670
6925.000 10.766
6930.000 9.236
6935.000 8.652
6940.000 7.687
6945.000 6.927
6950.000 6.607
6955.000 6.048
6960.000 5.807
6965.000 5.385
6970.000 5.038
6975.000 4.880
6980.000 4.605
6985.000 4.485
6990.000 4.264
6995.000 4.084
7000.000 3.989
7005.000 3.834
7010.000 3.771
7015.000 3.645
7020.000 3.539
7025.000 3.489
7030.000 3.407
7035.000 3.370
7040.000 3.302
7045.000 3.240
7050.000 3.218
7055.000 3.177
7060.000 3.159
7065.000 3.134
7070.000 3.115
7075.000 3.109
7080.000 3.098
7085.000 3.099
7090.000 3.107
7095.000 3.117
7100.000 3.124
7105.000 3.154
7110.000 3.167
7115.000 3.208
7120.000 3.257
7125.000 3.285
7130.000 3.346
7135.000 3.386
7140.000 3.467
7145.000 3.567
7150.000 3.621
7155.000 3.739
7160.000 3.809
7165.000 3.952
7170.000 4.124
7175.000 4.224
7180.000 4.432
7185.000 4.548
7190.000 4.828
7195.000 5.145
7200.000 5.326
7205.000 5.742
7210.000 5.980
7215.000 6.533
7220.000 7.203
7225.000 7.657
7230.000 8.610
7235.000 9.196
7240.000 10.632
7245.000 11.524
7250.000 13.775
7255.000 16.866
7260.000 18.787
7265.000 23.305
7270.000 25.622
7275.000 28.513
7280.000 26.211
7285.000 23.371
7290.000 18.013
7295.000 15.966
7300.000 12.901
7305.000 10.788
7310.000 9.961
7315.000 8.647
7320.000 8.112
7325.000 7.223
7330.000 6.525
7335.000 6.224
7340.000 5.715
7345.000 5.499
7350.000 5.111
7355.000 4.790
7360.000 4.646
7365.000 4.387
7370.000 4.278
7375.000 4.072
7380.000 3.894
7385.000 3.815
7390.000 3.674
7395.000 3.611
7400.000 3.497
7405.000 3.401
7410.000 3.356
7415.000 3.272
7420.000 3.243
7425.000 3.181
7430.000 3.126
7435.000 3.107
7440.000 3.069
7445.000 3.053
7450.000 3.027
7455.000 3.012
7460.000 3.008
7465.000 3.003
7470.000 3.001
7475.000 3.012
7480.000 3.023
7485.000 3.033
7490.000 3.059
7495.000 3.077
7500.000 3.117
7505.000 3.166
7510.000 3.197
7515.000 3.259
7520.000 3.299
7525.000 3.381
7530.000 3.481
7535.000 3.537
7540.000 3.656
7545.000 3.725
7550.000 3.874
7555.000 4.045
7560.000 4.139
7565.000 4.360
7570.000 4.480
7575.000 4.755
7580.000 5.067
7585.000 5.248
7590.000 5.659
7595.000 5.896
7600.000 6.452
7605.000 7.118
7610.000 7.518
7615.000 8.476
7620.000 9.047
7625.000 10.451
7630.000 12.315
7635.000 13.473
7640.000 16.358
7645.000 18.032
7650.000 21.875
7655.000 25.061
7660.000 25.595
7665.000 23.362
7670.000 21.079
7675.000 16.651
7680.000 13.431
7685.000 12.197
7690.000 10.288
7695.000 9.536
7700.000 8.314
7705.000 7.400
7710.000 7.006
7715.000 6.343
7720.000 6.063
7725.000 5.580
7730.000 5.172
7735.000 4.998
7740.000 4.684
7745.000 4.551
7750.000 4.304
7755.000 4.095
7760.000 3.999
7765.000 3.833
7770.000 3.760
7775.000 3.622
7780.000 3.504
7785.000 3.453
7790.000 3.358
7795.000 3.318
7800.000 3.244
7805.000 3.179
7810.000 3.154
7815.000 3.102
7820.000 3.083
7825.000 3.050
7830.000 3.034
7835.000 3.016
7840.000 3.000
7845.000 2.998
7850.000 2.996
7855.000 3.003
7860.000 3.010
7865.000 3.029
7870.000 3.043
7875.000 3.078
7880.000 3.097
7885.000 3.143
7890.000 3.197
7895.000 3.231
7900.000 3.298
7905.000 3.343
7910.000 3.431
7915.000 3.532
7920.000 3.591
7925.000 3.730
7930.000 3.816
7935.000 4.014
7940.000 4.231
7945.000 4.350
7950.000 4.601
7955.000 4.742
7960.000 4.979
7965.000 5.171
7970.000 5.301
7975.000 5.716
7980.000 5.972
7985.000 6.581
7990.000 7.332
7995.000 7.768
8000.000 8.831
8005.000 9.463
8010.000 11.011
8015.000 13.103
8020.000 14.384
8025.000 17.405
8030.000 19.068
8035.000 22.094
8040.000 23.016
8045.000 22.157
8050.000 18.538
8055.000 16.575
8060.000 13.372
8065.000 11.160
8070.000 10.318
8075.000 9.050
8080.000 8.537
8085.000 7.592
8090.000 6.803
8095.000 6.475
8100.000 5.905
8105.000 5.658
8110.000 5.242
8115.000 4.867
8120.000 4.714
8125.000 4.454
8130.000 4.333
8135.000 4.130
8140.000 3.942
8145.000 3.860
8150.000 3.681
8155.000 3.599
8160.000 3.441
8165.000 3.327
8170.000 3.275
8175.000 3.199
8180.000 3.159
8185.000 3.098
8190.000 3.041
8195.000 3.016
8200.000 2.976
8205.000 2.956
8210.000 2.926
8215.000 2.900
8220.000 2.887
8225.000 2.872
8230.000 2.863
8235.000 2.838
8240.000 2.802
8245.000 2.796
8250.000 2.825
8255.000 2.865
8260.000 2.947
8265.000 2.999
8270.000 3.024
8275.000 3.080
8280.000 3.116
8285.000 3.181
8290.000 3.266
8295.000 3.312
8300.000 3.414
8305.000 3.470
8310.000 3.596
8315.000 3.738
8320.000 3.821
8325.000 4.005
8330.000 4.104
8335.000 4.333
8340.000 4.598
8345.000 4.746
8350.000 5.083
8355.000 5.272
8360.000 5.709
8365.000 6.228
8370.000 6.519
8375.000 7.235
8380.000 7.666
8385.000 8.713
8390.000 10.072
8395.000 10.909
8400.000 13.011
8405.000 14.316
8410.000 17.516
8415.000 19.587
8420.000 23.188
8425.000 24.653
8430.000 23.855
8435.000 19.835
8440.000 17.596
8445.000 14.023
8450.000 11.529
8455.000 10.563
8460.000 9.046
8465.000 8.437
8470.000 7.450
8475.000 6.673
8480.000 6.356
8485.000 5.798
8490.000 5.565
8495.000 5.115
8500.000 4.715
8505.000 4.548
8510.000 4.273
8515.000 4.155
8520.000 3.946
8525.000 3.767
8530.000 3.686
8535.000 3.540
8540.000 3.475
8545.000 3.358
8550.000 3.259
8555.000 3.214
8560.000 3.127
8565.000 3.092
8570.000 3.027
8575.000 2.972
8580.000 2.951
8585.000 2.904
8590.000 2.885
8595.000 2.855
8600.000 2.831
8605.000 2.819
8610.000 2.804
8615.000 2.796
8620.000 2.791
8625.000 2.789
8630.000 2.787
8635.000 2.813
8640.000 2.841
8645.000 2.923
8650.000 2.994
8655.000 3.028
8660.000 3.084
8665.000 3.116
8670.000 3.181
8675.000 3.263
8680.000 3.311
8685.000 3.411
8690.000 3.470
8695.000 3.594
8700.000 3.737
8705.000 3.825
8710.000 4.018
8715.000 4.124
8720.000 4.350
8725.000 4.626
8730.000 4.777
8735.000 5.123
8740.000 5.318
8745.000 5.773
8750.000 6.329
8755.000 6.652
8760.000 7.409
8765.000 7.861
8770.000 8.947
8775.000 10.337
8780.000 11.184
8785.000 13.230
8790.000 14.440
8795.000 17.109
8800.000 19.682
8805.000 20.553
8810.000 20.507
8815.000 19.481
8820.000 16.385
8825.000 13.445
8830.000 12.234
8835.000 10.302
8840.000 9.530
8845.000 8.274
8850.000 7.328
8855.000 6.926
8860.000 6.246
8865.000 5.960
8870.000 5.463
8875.000 5.056
8880.000 4.872
8885.000 4.558
8890.000 4.420
8895.000 4.178
8900.000 3.960
8905.000 3.873
8910.000 3.702
8915.000 3.626
8920.000 3.493
8925.000 3.374
8930.000 3.326
8935.000 3.234
8940.000 3.195
8945.000 3.122
8950.000 3.065
8955.000 3.037
8960.000 2.986
8965.000 2.962
8970.000 2.886
8975.000 2.817
8980.000 2.788
8985.000 2.754
8990.000 2.748
8995.000 2.752
9000.000 2.762
9005.000 2.762
9010.000 2.785
9015.000 2.797
9020.000 2.825
9025.000 2.837
9030.000 2.875
9035.000 2.923
9040.000 2.947
9045.000 3.016
9050.000 3.042
9055.000 3.124
9060.000 3.212
9065.000 3.260
9070.000 3.374
9075.000 3.438
9080.000 3.577
9085.000 3.741
9090.000 3.822
9095.000 4.025
9100.000 4.135
9105.000 4.391
9110.000 4.690
9115.000 4.858
9120.000 5.246
9125.000 5.472
9130.000 5.992
9135.000 6.634
9140.000 7.021
9145.000 7.933
9150.000 8.490
9155.000 9.823
9160.000 11.606
9165.000 12.702
9170.000 15.305
9175.000 16.770
9180.000 19.650
9185.000 21.132
9190.000 20.781
9195.000 17.982
9200.000 16.185
9205.000 13.043
9210.000 10.741
9215.000 9.884
9220.000 8.439
9225.000 7.859
9230.000 6.910
9235.000 6.171
9240.000 5.859
9245.000 5.326
9250.000 5.099
9255.000 4.698
9260.000 4.368
9265.000 4.220
9270.000 3.964
9275.000 3.853
9280.000 3.645
9285.000 3.468
9290.000 3.388
9295.000 3.245
9300.000 3.185
9305.000 3.057
9310.000 2.953
9315.000 2.908
9320.000 2.823
9325.000 2.786
9330.000 2.719
9335.000 2.658
9340.000 2.638
9345.000 2.607
9350.000 2.604
9355.000 2.613
9360.000 2.628
9365.000 2.628
9370.000 2.614
9375.000 2.608
9380.000 2.593
9385.000 2.590
9390.000 2.591
9395.000 2.595
9400.000 2.605
9405.000 2.621
9410.000 2.649
9415.000 2.668
9420.000 2.706
9425.000 2.730
9430.000 2.782
9435.000 2.847
9440.000 2.882
9445.000 2.964
9450.000 3.006
9455.000 3.106
9460.000 3.220
9465.000 3.279
9470.000 3.421
9475.000 3.505
9480.000 3.686
9485.000 3.895
9490.000 4.013
9495.000 4.280
9500.000 4.433
9505.000 4.779
9510.000 5.193
9515.000 5.426
9520.000 5.977
9525.000 6.304
9530.000 7.082
9535.000 8.059
9540.000 8.649
9545.000 10.079
9550.000 10.937
9555.000 12.958
9560.000 15.272
9565.000 16.411
9570.000 18.012
9575.000 18.131
9580.000 16.682
9585.000 13.950
9590.000 12.631
9595.000 10.450
9600.000 9.578
9605.000 8.106
9610.000 7.551
9615.000 6.638
9620.000 5.923
9625.000 5.621
9630.000 5.111
9635.000 4.885
9640.000 4.515
9645.000 4.195
9650.000 4.057
9655.000 3.812
9660.000 3.698
9665.000 3.501
9670.000 3.333
9675.000 3.254
9680.000 3.119
9685.000 3.058
9690.000 2.949
9695.000 2.851
9700.000 2.814
9705.000 2.734
9710.000 2.699
9715.000 2.636
9720.000 2.588
9725.000 2.566
9730.000 2.528
9735.000 2.508
9740.000 2.478
9745.000 2.458
9750.000 2.448
9755.000 2.441
9760.000 2.435
9765.000 2.427
9770.000 2.425
9775.000 2.418
9780.000 2.406
9785.000 2.401
9790.000 2.403
9795.000 2.425
9800.000 2.446
9805.000 2.492
9810.000 2.524
9815.000 2.583
9820.000 2.649
9825.000 2.688
9830.000 2.771
9835.000 2.819
9840.000 2.922
9845.000 3.034
9850.000 3.104
9855.000 3.246
9860.000 3.330
9865.000 3.511
9870.000 3.720
9875.000 3.837
9880.000 4.102
9885.000 4.252
9890.000 4.606
9895.000 5.025
9900.000 5.301
9905.000 5.887
9910.000 6.232
9915.000 7.055
9920.000 8.116
9925.000 8.755
9930.000 10.297
9935.000 11.214
9940.000 13.215
9945.000 15.244
9950.000 15.977
9955.000 16.182
9960.000 15.516
9965.000 13.230
9970.000 10.898
9975.000 9.922
9980.000 8.339
9985.000 7.701
9990.000 6.670
9995.000 5.871
10000.000 5.538
10005.000 4.986
10010.000 4.742
10015.000 4.319
10020.000 3.982
10025.000 3.832
10030.000 3.581
10035.000 3.475
10040.000 3.270
10045.000 3.103
10050.000 3.023
10055.000 2.884
10060.000 2.824
10065.000 2.716
10070.000 2.618
10075.000 2.575
10080.000 2.492
10085.000 2.460
10090.000 2.395
10095.000 2.338
10100.000 2.316
10105.000 2.270
10110.000 2.249
10115.000 2.220
10120.000 2.193
10125.000 2.181
10130.000 2.164
10135.000 2.161
10140.000 2.149
10145.000 2.146
10150.000 2.145
10155.000 2.151
10160.000 2.153
10165.000 2.168
10170.000 2.191
10175.000 2.198
10180.000 2.226
10185.000 2.243
10190.000 2.284
10195.000 2.328
10200.000 2.360
10205.000 2.415
10210.000 2.452
10215.000 2.524
10220.000 2.564
10225.000 2.658
10230.000 2.760
10235.000 2.821
10240.000 2.951
10245.000 3.023
10250.000 3.197
10255.000 3.403
10260.000 3.517
10265.000 3.778
10270.000 3.923
10275.000 4.263
10280.000 4.665
10285.000 4.907
10290.000 5.470
10295.000 5.795
10300.000 6.585
10305.000 7.581
10310.000 8.194
10315.000 9.679
10320.000 10.556
10325.000 12.514
10330.000 14.351
10335.000 14.933
10340.000 14.760
10345.000 13.959
10350.000 11.691
10355.000 9.591
10360.000 8.737
10365.000 7.396
10370.000 6.839
10375.000 5.943
10380.000 5.247
10385.000 4.960
10390.000 4.467
10395.000 4.262
10400.000 3.903
10405.000 3.607
10410.000 3.478
10415.000 3.250
10420.000 3.147
10425.000 2.976
10430.000 2.822
10435.000 2.758
10440.000 2.637
10445.000 2.580
10450.000 2.482
10455.000 2.396
10460.000 2.359
10465.000 2.292
10470.000 2.261
10475.000 2.203
10480.000 2.152
10485.000 2.124
10490.000 2.075
10495.000 2.047
10500.000 2.014
10505.000 2.004
10510.000 2.006
10515.000 2.016
10520.000 2.023
10525.000 2.036
10530.000 2.044
10535.000 2.056
10540.000 2.077
10545.000 2.090
10550.000 2.112
10555.000 2.123
10560.000 2.155
10565.000 2.193
10570.000 2.210
10575.000 2.250
10580.000 2.277
10585.000 2.332
10590.000 2.393
10595.000 2.432
10600.000 2.507
10605.000 2.548
10610.000 2.642
10615.000 2.752
10620.000 2.815
10625.000 2.949
10630.000 3.025
10635.000 3.197
10640.000 3.393
10645.000 3.508
10650.000 3.769
10655.000 3.914
10660.000 4.257
10665.000 4.658
10670.000 4.897
10675.000 5.457
10680.000 5.788
10685.000 6.577
10690.000 7.575
10695.000 8.163
10700.000 9.539
10705.000 10.307
10710.000 11.839
10715.000 12.902
10720.000 13.032
10725.000 12.283
10730.000 11.516
10735.000 9.746
10740.000 8.186
10745.000 7.533
10750.000 6.455
10755.000 6.011
10760.000 5.276
10765.000 4.704
10770.000 4.460
10775.000 4.047
10780.000 3.871
10785.000 3.572
10790.000 3.300
10795.000 3.187
10800.000 2.989
10805.000 2.901
10810.000 2.741
10815.000 2.607
10820.000 2.545
10825.000 2.434
10830.000 2.385
10835.000 2.295
10840.000 2.221
10845.000 2.186
10850.000 2.125
10855.000 2.094
10860.000 2.043
10865.000 2.002
10870.000 1.985
10875.000 1.951
10880.000 1.936
10885.000 1.912
10890.000 1.893
10895.000 1.885
10900.000 1.875
10905.000 1.870
10910.000 1.868
10915.000 1.868
10920.000 1.871
10925.000 1.881
10930.000 1.886
10935.000 1.902
10940.000 1.926
10945.000 1.938
10950.000 1.965
10955.000 1.984
10960.000 2.024
10965.000 2.070
10970.000 2.096
10975.000 2.157
10980.000 2.189
10985.000 2.267
10990.000 2.354
10995.000 2.399
11000.000 2.510
11005.000 2.572
11010.000 2.707
11015.000 2.857
11020.000 2.941
11025.000 3.120
11030.000 3.228
11035.000 3.473
11040.000 3.776
11045.000 3.952
11050.000 4.360
11055.000 4.604
11060.000 5.167
11065.000 5.892
11070.000 6.328
11075.000 7.368
11080.000 7.989
11085.000 9.429
11090.000 10.267
11095.000 11.740
11100.000 12.467
11105.000 12.322
11110.000 11.037
11115.000 10.137
11120.000 8.423
11125.000 7.058
11130.000 6.507
11135.000 5.606
11140.000 5.239
11145.000 4.628
11150.000 4.157
11155.000 3.954
11160.000 3.605
11165.000 3.457
11170.000 3.190
11175.000 2.971
11180.000 2.875
11185.000 2.701
11190.000 2.624
11195.000 2.488
11200.000 2.371
11205.000 2.319
11210.000 2.228
11215.000 2.186
11220.000 2.108
11225.000 2.041
11230.000 2.009
11235.000 1.957
11240.000 1.936
11245.000 1.892
11250.000 1.858
11255.000 1.843
11260.000 1.817
11265.000 1.806
11270.000 1.792
11275.000 1.786
11280.000 1.785
11285.000 1.785
11290.000 1.776
11295.000 1.765
11300.000 1.764
11305.000 1.764
11310.000 1.773
11315.000 1.778
11320.000 1.796
11325.000 1.818
11330.000 1.833
11335.000 1.862
11340.000 1.880
11345.000 1.917
11350.000 1.963
11355.000 1.994
11360.000 2.053
11365.000 2.086
11370.000 2.161
11375.000 2.246
11380.000 2.292
11385.000 2.409
11390.000 2.463
11395.000 2.600
11400.000 2.754
11405.000 2.845
11410.000 3.045
11415.000 3.160
11420.000 3.421
11425.000 3.738
11430.000 3.920
11435.000 4.348
11440.000 4.601
11445.000 5.196
11450.000 5.934
11455.000 6.369
11460.000 7.349
11465.000 7.911
11470.000 9.071
11475.000 10.013
11480.000 10.249
11485.000 10.016
11490.000 9.560
11495.000 8.300
11500.000 7.047
11505.000 6.507
11510.000 5.595
11520.000 4.653
11525.000 4.137
11535.000 3.602
11540.000 3.291
11545.000 3.154
11550.000 2.910
11555.000 2.705
11560.000 2.607
11565.000 2.432
11570.000 2.355
11575.000 2.224
11580.000 2.115
11585.000 2.068
11590.000 1.981
11595.000 1.945
11600.000 1.877
11605.000 1.818
11610.000 1.791
11615.000 1.741
11620.000 1.718
11625.000 1.678
11630.000 1.650
11635.000 1.631
11640.000 1.610
11645.000 1.598
11650.000 1.580
11655.000 1.570
11660.000 1.558
11665.000 1.555
11670.000 1.553
11675.000 1.551
11680.000 1.552
11685.000 1.555
11690.000 1.564
11695.000 1.569
11700.000 1.582
11705.000 1.603
11710.000 1.615
11715.000 1.641
11720.000 1.658
11725.000 1.693
11730.000 1.732
11735.000 1.758
11740.000 1.807
11745.000 1.833
11750.000 1.898
11755.000 1.972
11760.000 2.013
11765.000 2.103
11770.000 2.156
11775.000 2.268
11780.000 2.403
11785.000 2.481
11790.000 2.648
11795.000 2.745
11800.000 2.964
11805.000 3.223
11810.000 3.369
11815.000 3.694
11820.000 3.884
11825.000 4.301
11830.000 4.781
11835.000 5.331
11840.000 5.644
11845.000 5.999
11850.000 6.852
11855.000 7.843
11860.000 8.332
11865.000 9.007
11870.000 9.078
11875.000 8.586
11880.000 7.519
11885.000 6.948
11890.000 5.917
11895.000 5.482
11900.000 4.752
11905.000 4.178
11910.000 3.942
11915.000 3.538
11920.000 3.346
11925.000 3.061
11930.000 2.934
11935.000 2.719
11940.000 2.538
11945.000 2.459
11950.000 2.313
11955.000 2.248
11960.000 2.136
11965.000 2.038
11970.000 1.998
11975.000 1.922
11980.000 1.884
11985.000 1.818
11990.000 1.762
11995.000 1.740
12000.000 1.699
