110.000 0.163
120.000 2.987
130.000 2.645
140.000 2.421
150.000 2.659
160.000 2.837
170.000 2.965
180.000 3.081
190.000 3.217
200.000 3.604
210.000 3.851
220.000 4.497
230.000 5.536
240.000 6.081
250.000 8.084
260.000 9.299
270.000 13.815
280.000 21.132
290.000 27.740
300.000 37.058
310.000 33.193
320.000 20.857
330.000 17.841
340.000 14.793
350.000 13.406
360.000 12.931
370.000 12.635
380.000 12.779
390.000 13.307
400.000 14.017
410.000 14.605
420.000 15.982
430.000 17.568
440.000 18.340
450.000 19.018
460.000 19.992
470.000 20.089
480.000 20.131
490.000 19.846
500.000 19.723
510.000 20.015
520.000 20.968
530.000 21.849
540.000 24.699
550.000 27.357
560.000 36.487
570.000 56.033
580.000 71.111
590.000 76.435
600.000 43.702
610.000 21.572
620.000 14.567
630.000 12.279
640.000 9.309
650.000 8.237
660.000 6.870
670.000 5.828
680.000 5.481
690.000 4.889
700.000 4.563
710.000 4.163
720.000 3.888
730.000 3.677
740.000 3.615
750.000 3.594
760.000 3.556
770.000 3.569
780.000 3.581
790.000 3.743
800.000 3.900
810.000 4.273
820.000 4.925
830.000 5.391
840.000 6.943
850.000 9.598
860.000 11.382
870.000 12.887
880.000 7.437
890.000 5.655
900.000 3.731
910.000 3.148
920.000 2.410
930.000 2.126
940.000 1.740
950.000 1.582
960.000 1.344
970.000 1.173
980.000 1.099
990.000 1.011
1000.000 0.956
1010.000 0.931
1020.000 0.904
1030.000 0.908
1040.000 0.943
1050.000 0.956
1060.000 1.046
1070.000 1.160
1080.000 1.250
1090.000 1.487
1100.000 1.848
1110.000 2.125
1120.000 3.002
1130.000 3.728
1140.000 5.779
1150.000 6.647
1160.000 5.348
1170.000 3.301
1180.000 2.841
1190.000 2.268
1200.000 1.920
1210.000 1.800
1220.000 1.672
1230.000 1.601
1240.000 1.527
1250.000 1.505
1260.000 1.496
1270.000 1.519
1280.000 1.541
1290.000 1.606
1300.000 1.643
1310.000 1.764
1320.000 1.921
1330.000 2.028
1340.000 2.301
1350.000 2.680
1360.000 2.927
1370.000 3.608
1380.000 4.093
1390.000 5.542
1400.000 8.273
1410.000 10.448
1420.000 15.947
1430.000 16.732
1440.000 9.600
1450.000 7.642
1460.000 5.503
1470.000 4.369
1480.000 3.986
1490.000 3.476
1500.000 3.291
1510.000 3.015
1520.000 2.833
1530.000 2.766
1540.000 2.686
1550.000 2.648
1560.000 2.644
1570.000 2.690
1580.000 2.709
1590.000 2.820
1600.000 2.950
1610.000 3.052
1620.000 3.304
1630.000 3.458
1640.000 3.941
1650.000 4.273
1660.000 5.440
1670.000 7.768
1680.000 9.746
1690.000 15.752
1700.000 18.578
1710.000 15.464
1720.000 10.438
1730.000 9.118
1740.000 7.453
1750.000 6.470
1760.000 6.126
1770.000 5.631
1780.000 5.447
1790.000 5.210
1800.000 5.087
1810.000 5.057
1820.000 5.089
1830.000 5.129
1840.000 5.312
1850.000 5.433
1860.000 5.778
1870.000 6.009
1880.000 6.609
1890.000 7.466
1900.000 8.031
1910.000 9.546
1920.000 11.837
1930.000 13.407
1940.000 17.813
1950.000 23.705
1960.000 26.207
1970.000 25.335
1980.000 21.945
1990.000 15.910
2000.000 12.317
2010.000 11.074
2020.000 9.337
2030.000 8.689
2040.000 7.731
2050.000 7.389
2060.000 6.854
2070.000 6.660
2080.000 6.396
2090.000 6.270
2100.000 6.282
2110.000 6.348
2120.000 6.566
2130.000 6.756
2140.000 7.282
2150.000 7.653
2160.000 8.687
2170.000 9.497
2180.000 11.597
2190.000 14.925
2200.000 17.085
2210.000 21.056
2220.000 19.191
2230.000 15.959
2240.000 10.922
2250.000 9.332
2260.000 7.191
2270.000 5.878
2280.000 5.408
2290.000 4.714
2300.000 4.468
2310.000 4.109
2320.000 3.901
2330.000 3.847
2340.000 3.857
2350.000 3.909
2360.000 4.182
2370.000 4.756
2380.000 5.213
2390.000 6.722
2400.000 7.879
2410.000 10.431
2420.000 8.199
2430.000 5.504
2440.000 3.168
2450.000 2.550
2460.000 1.780
2470.000 1.317
2480.000 1.158
2490.000 0.911
2500.000 0.813
2510.000 0.671
2520.000 0.605
2530.000 0.513
2540.000 0.434
2550.000 0.404
2560.000 0.357
2570.000 0.327
2580.000 0.290
2590.000 0.256
2600.000 0.244
2610.000 0.225
2620.000 0.206
2630.000 0.197
2640.000 0.174
2650.000 0.171
2660.000 0.160
2670.000 0.157
2680.000 0.140
2690.000 0.133
2700.000 0.121
2710.000 0.119
2720.000 0.113
2730.000 0.114
2740.000 0.109
2750.000 0.110
2760.000 0.103
2770.000 0.103
2780.000 0.092
2790.000 0.094
2800.000 0.094
2810.000 0.090
2820.000 0.089
2830.000 0.090
2840.000 0.090
2850.000 0.090
2860.000 0.090
2870.000 0.085
2880.000 0.090
2890.000 0.090
2900.000 0.084
2910.000 0.088
2920.000 0.096
2930.000 0.092
2940.000 0.097
2950.000 0.099
2960.000 0.098
2970.000 0.103
2980.000 0.105
2990.000 0.115
3000.000 0.115
3010.000 0.122
3020.000 0.131
3030.000 0.133
3040.000 0.147
3050.000 0.154
3060.000 0.163
3070.000 0.173
3080.000 0.183
3090.000 0.196
3100.000 0.211
3110.000 0.233
3120.000 0.250
3130.000 0.281
3140.000 0.313
3150.000 0.335
3160.000 0.381
3170.000 0.443
3180.000 0.479
3190.000 0.558
3200.000 0.610
3210.000 0.732
3220.000 0.890
3230.000 0.988
3240.000 1.235
3250.000 1.393
3260.000 1.824
3270.000 2.099
3280.000 2.915
3290.000 3.490
3300.000 5.253
3310.000 8.551
3320.000 11.188
3330.000 18.670
3340.000 21.967
3350.000 19.237
3360.000 16.651
3370.000 14.844
3380.000 15.040
3390.000 16.923
3400.000 18.624
3410.000 24.119
3420.000 27.925
3430.000 34.214
3440.000 32.950
3450.000 22.208
3460.000 15.505
3470.000 13.543
3480.000 10.990
3490.000 10.162
3500.000 9.055
3510.000 8.440
3520.000 8.275
3530.000 8.185
3540.000 8.259
3550.000 8.653
3560.000 9.439
3570.000 10.038
3580.000 11.826
3590.000 14.906
3600.000 17.250
3610.000 24.353
3620.000 29.051
3630.000 33.879
3640.000 22.292
3650.000 17.605
3660.000 12.433
3670.000 10.880
3680.000 8.808
3690.000 8.099
3700.000 7.096
3710.000 6.448
3720.000 6.228
3730.000 5.930
3740.000 5.857
3750.000 5.819
3760.000 5.950
3770.000 6.078
3780.000 6.491
3790.000 6.799
3800.000 7.672
3810.000 9.064
3820.000 10.052
3830.000 12.924
3840.000 17.371
3850.000 19.892
3860.000 21.638
3870.000 19.144
3880.000 12.873
3890.000 10.839
3900.000 8.219
3910.000 6.670
3920.000 6.125
3930.000 5.331
3940.000 4.798
3950.000 4.594
3960.000 4.326
3970.000 4.240
3980.000 4.148
3990.000 4.161
4000.000 4.207
4010.000 4.279
4020.000 4.516
4030.000 4.915
4040.000 5.195
4050.000 5.988
4060.000 7.258
4070.000 8.172
4080.000 10.919
4090.000 12.910
4100.000 17.610
4110.000 18.809
4120.000 14.292
4130.000 9.255
4140.000 7.841
4150.000 6.027
4160.000 4.948
4170.000 4.568
4180.000 4.017
4190.000 3.810
4200.000 3.511
4210.000 3.404
4220.000 3.240
4230.000 3.147
4240.000 3.106
4250.000 3.110
4260.000 3.174
4270.000 3.248
4280.000 3.516
4290.000 3.717
4300.000 4.329
4310.000 5.329
4320.000 6.060
4330.000 8.205
4340.000 11.120
4350.000 12.102
4360.000 10.120
4370.000 8.121
4380.000 5.619
4390.000 4.869
4400.000 3.867
4410.000 3.525
4420.000 3.038
4430.000 2.723
4440.000 2.523
4450.000 2.457
4460.000 2.376
4470.000 2.368
4480.000 2.383
4490.000 2.479
4500.000 2.548
4510.000 2.645
4520.000 2.933
4530.000 3.375
4540.000 3.690
4550.000 4.667
4560.000 5.345
4570.000 7.345
4580.000 10.052
4590.000 10.947
4600.000 9.193
4610.000 6.213
4620.000 5.313
4630.000 4.655
4640.000 3.778
4650.000 3.236
4660.000 3.045
4670.000 2.757
4680.000 2.645
4690.000 2.476
4700.000 2.368
4710.000 2.325
4720.000 2.286
4730.000 2.286
4740.000 2.330
4750.000 2.470
4760.000 2.587
4770.000 2.984
4780.000 3.716
4790.000 4.271
4800.000 5.769
4810.000 6.450
4820.000 6.081
4830.000 5.095
4840.000 3.681
4850.000 2.981
4860.000 2.768
4870.000 2.505
4880.000 2.432
4890.000 2.367
4900.000 2.395
4910.000 2.441
4920.000 2.609
4930.000 2.899
4940.000 3.096
4950.000 3.663
4960.000 4.556
4970.000 5.198
4980.000 7.065
4990.000 8.331
5000.000 10.823
5010.000 11.073
5020.000 8.448
5030.000 6.056
5040.000 5.323
5050.000 4.371
5060.000 3.834
5070.000 3.670
5080.000 3.558
5090.000 3.484
5100.000 3.608
5110.000 3.952
5120.000 4.198
5130.000 4.447
5140.000 4.451
5150.000 3.128
5160.000 2.396
5170.000 1.461
5180.000 1.171
5190.000 0.794
5200.000 0.560
5210.000 0.478
5220.000 0.351
5230.000 0.310
5240.000 0.234
5250.000 0.178
5260.000 0.162
5270.000 0.128
5280.000 0.098
5290.000 0.088
5300.000 0.072
5310.000 0.064
5320.000 0.052
5330.000 0.046
5340.000 0.039
5350.000 0.032
5360.000 0.027
5370.000 0.027
5380.000 0.023
5390.000 0.022
5400.000 0.015
5410.000 0.014
5420.000 0.014
5430.000 0.013
5440.000 0.013
5450.000 0.012
5460.000 0.009
5470.000 0.010
5480.000 0.007
5490.000 0.007
5500.000 0.006
5510.000 0.007
5520.000 0.011
5530.000 0.011
5540.000 0.012
5550.000 0.009
5560.000 0.009
5570.000 0.009
5580.000 0.009
5590.000 0.007
5600.000 0.007
5610.000 0.006
5620.000 0.007
5630.000 0.007
5640.000 0.007
5650.000 0.007
5660.000 0.011
5670.000 0.010
5680.000 0.008
5690.000 0.011
5700.000 0.013
5710.000 0.010
5720.000 0.009
5730.000 0.010
5740.000 0.011
5750.000 0.010
5760.000 0.007
5770.000 0.008
5780.000 0.009
5790.000 0.012
5800.000 0.010
5810.000 0.011
5820.000 0.008
5830.000 0.009
5840.000 0.011
5850.000 0.010
5860.000 0.008
5870.000 0.007
5880.000 0.015
5890.000 0.011
5900.000 0.012
5910.000 0.011
5920.000 0.011
5930.000 0.007
5940.000 0.015
5950.000 0.012
5960.000 0.011
5970.000 0.009
5980.000 0.010
5990.000 0.011
6000.000 0.011
6010.000 0.013
6020.000 0.013
6030.000 0.011
6040.000 0.013
6050.000 0.012
6060.000 0.012
6070.000 0.013
6080.000 0.013
6090.000 0.010
6100.000 0.017
6110.000 0.009
6120.000 0.013
6130.000 0.012
6140.000 0.010
6150.000 0.011
6160.000 0.009
6170.000 0.010
6180.000 0.008
6190.000 0.009
6200.000 0.013
6210.000 0.010
6220.000 0.010
6230.000 0.012
6240.000 0.009
6250.000 0.012
6260.000 0.017
6270.000 0.014
6280.000 0.014
6290.000 0.013
6300.000 0.015
6310.000 0.014
6320.000 0.018
6330.000 0.019
6340.000 0.023
6350.000 0.022
6360.000 0.029
6370.000 0.030
6380.000 0.032
6390.000 0.039
6400.000 0.043
6410.000 0.049
6420.000 0.055
6430.000 0.063
6440.000 0.071
6450.000 0.078
6460.000 0.097
6470.000 0.118
6480.000 0.132
6490.000 0.163
6500.000 0.185
6510.000 0.237
6520.000 0.303
6530.000 0.351
6540.000 0.468
6550.000 0.551
6560.000 0.772
6570.000 1.127
6580.000 1.379
6590.000 2.174
6600.000 3.673
6610.000 4.887
6620.000 8.760
6630.000 11.228
6640.000 13.870
6650.000 13.143
6660.000 13.365
6670.000 15.438
6680.000 17.450
6690.000 23.963
6700.000 30.937
6710.000 30.417
6720.000 20.928
6730.000 17.650
6740.000 14.032
6750.000 12.429
6760.000 12.077
6770.000 12.048
6780.000 12.356
6790.000 13.654
6800.000 16.180
6810.000 18.086
6820.000 23.488
6830.000 26.697
6840.000 30.218
6850.000 28.208
6860.000 20.367
6870.000 15.263
6880.000 13.655
6890.000 11.545
6900.000 10.374
6910.000 10.024
6920.000 9.699
6930.000 9.712
6940.000 10.078
6950.000 10.957
6960.000 11.650
6970.000 13.744
6980.000 15.281
6990.000 19.769
7000.000 26.085
7010.000 28.782
7020.000 27.051
7030.000 22.762
7040.000 15.931
7050.000 12.203
7060.000 10.984
7070.000 10.051
7080.000 8.756
7090.000 7.975
7100.000 7.552
7110.000 7.450
7120.000 7.441
7130.000 7.532
7140.000 7.929
7150.000 8.670
7160.000 9.206
7170.000 9.896
7180.000 11.877
7190.000 15.000
7200.000 19.376
7210.000 21.525
7220.000 22.212
7230.000 19.916
7240.000 14.458
7250.000 11.014
7260.000 9.867
7270.000 8.288
7280.000 7.738
7290.000 6.960
7300.000 6.509
7310.000 6.378
7320.000 6.272
7330.000 6.299
7340.000 6.513
7350.000 6.989
7360.000 7.344
7370.000 8.389
7380.000 9.132
7390.000 11.259
7400.000 14.575
7410.000 16.623
7420.000 19.661
7430.000 19.149
7440.000 14.298
7450.000 10.364
7460.000 9.080
7470.000 7.357
7480.000 6.763
7490.000 5.934
7500.000 5.425
7510.000 5.264
7520.000 5.075
7530.000 5.048
7540.000 5.132
7550.000 5.248
7560.000 5.639
7570.000 6.310
7580.000 6.790
7590.000 8.208
7600.000 9.191
7610.000 11.752
7620.000 14.176
7630.000 14.269
7640.000 11.499
7650.000 9.759
7660.000 7.308
7670.000 5.862
7680.000 5.374
7690.000 4.693
7700.000 4.461
7710.000 4.164
7720.000 4.043
7730.000 4.046
7740.000 4.167
7750.000 4.293
7760.000 4.731
7770.000 5.062
7780.000 6.014
7790.000 7.472
7800.000 8.330
7810.000 9.491
7820.000 9.202
7830.000 7.033
7840.000 5.166
7850.000 4.535
7860.000 3.700
7870.000 3.203
7880.000 3.043
7890.000 2.850
7900.000 2.808
7910.000 2.839
7920.000 3.022
7930.000 3.180
7940.000 3.646
7950.000 3.934
7960.000 4.369
7970.000 3.950
7980.000 3.437
7990.000 2.666
8000.000 2.392
8010.000 1.883
8020.000 1.596
8030.000 1.495
8040.000 1.318
8050.000 1.271
8060.000 1.272
8070.000 1.277
8080.000 1.123
8090.000 0.697
8100.000 0.495
8110.000 0.267
8120.000 0.233
8130.000 0.229
8140.000 0.203
8150.000 0.139
8160.000 0.087
8170.000 0.066
8180.000 0.048
8190.000 0.050
8200.000 0.044
8210.000 0.039
8220.000 0.031
8230.000 0.026
8240.000 0.019
8250.000 0.022
8260.000 0.017
8270.000 0.018
8280.000 0.017
8290.000 0.019
8300.000 0.013
8310.000 0.012
8320.000 0.014
8330.000 0.011
8340.000 0.014
8350.000 0.015
8360.000 0.014
8370.000 0.014
8380.000 0.013
8390.000 0.011
8400.000 0.015
8410.000 0.016
8420.000 0.008
8430.000 0.016
8440.000 0.010
8450.000 0.012
8460.000 0.013
8470.000 0.011
8480.000 0.014
8490.000 0.011
8500.000 0.013
8510.000 0.016
8520.000 0.013
8530.000 0.015
8540.000 0.011
8550.000 0.014
8560.000 0.010
8570.000 0.013
8580.000 0.012
8590.000 0.011
8600.000 0.011
8610.000 0.013
8620.000 0.012
8630.000 0.012
8640.000 0.008
8650.000 0.011
8660.000 0.013
8670.000 0.009
8680.000 0.014
8690.000 0.011
8700.000 0.013
8710.000 0.012
8720.000 0.014
8730.000 0.012
8740.000 0.012
8750.000 0.012
8760.000 0.010
8770.000 0.014
8780.000 0.023
8790.000 0.033
8800.000 0.033
8810.000 0.028
8820.000 0.025
8830.000 0.031
8840.000 0.044
8850.000 0.048
8860.000 0.052
8870.000 0.054
8880.000 0.060
8890.000 0.063
8900.000 0.049
8910.000 0.040
8920.000 0.034
8930.000 0.036
8940.000 0.043
8950.000 0.046
8960.000 0.039
8970.000 0.047
8980.000 0.045
8990.000 0.046
9000.000 0.050
9010.000 0.046
9020.000 0.039
9030.000 0.025
9040.000 0.023
9050.000 0.017
9060.000 0.017
9070.000 0.017
9080.000 0.032
9090.000 0.032
9100.000 0.031
9110.000 0.032
9120.000 0.031
9130.000 0.026
9140.000 0.019
9150.000 0.016
9160.000 0.008
9170.000 0.005
9180.000 0.008
9190.000 0.009
9200.000 0.014
9210.000 0.017
9220.000 0.016
9230.000 0.013
9240.000 0.015
9250.000 0.014
9260.000 0.010
9270.000 0.010
9280.000 0.014
9290.000 0.010
9300.000 0.012
9310.000 0.011
9320.000 0.012
9330.000 0.011
9340.000 0.013
9350.000 0.011
9360.000 0.010
9370.000 0.012
9380.000 0.015
9390.000 0.016
9400.000 0.012
9410.000 0.011
9420.000 0.013
9430.000 0.013
9440.000 0.014
9450.000 0.013
9460.000 0.012
9470.000 0.017
9480.000 0.013
9490.000 0.013
9500.000 0.014
9510.000 0.015
9520.000 0.015
9530.000 0.016
9540.000 0.016
9550.000 0.015
9560.000 0.015
9570.000 0.019
9580.000 0.015
9590.000 0.020
9600.000 0.015
9610.000 0.021
9620.000 0.021
9630.000 0.018
9640.000 0.021
9650.000 0.028
9660.000 0.023
9670.000 0.027
9680.000 0.034
9690.000 0.032
9700.000 0.039
9710.000 0.039
9720.000 0.047
9730.000 0.057
9740.000 0.068
9750.000 0.074
9760.000 0.099
9770.000 0.108
9780.000 0.145
9790.000 0.194
9800.000 0.227
9810.000 0.328
9820.000 0.396
9830.000 0.603
9840.000 0.763
9850.000 1.275
9860.000 2.265
9870.000 3.022
9880.000 4.773
9890.000 5.388
9900.000 5.388
9910.000 5.538
9920.000 6.434
9930.000 8.326
9940.000 9.674
9950.000 12.295
9960.000 12.580
9970.000 10.356
9980.000 8.353
9990.000 7.803
10000.000 7.326
10010.000 7.490
10020.000 7.803
10030.000 8.961
10040.000 9.874
10050.000 12.480
10060.000 15.617
10070.000 16.515
10080.000 14.767
10090.000 12.855
10100.000 9.906
10110.000 8.943
10120.000 7.724
10130.000 7.125
10140.000 6.991
10150.000 7.018
10160.000 7.172
10170.000 7.799
10180.000 8.958
10190.000 9.810
10200.000 12.237
10210.000 15.420
10220.000 16.738
10230.000 16.378
10240.000 14.572
10250.000 10.969
10260.000 8.707
10270.000 7.964
10280.000 6.958
10290.000 6.636
10300.000 6.257
10310.000 6.179
10320.000 6.213
10330.000 6.526
10340.000 6.798
10350.000 7.643
10360.000 8.244
10370.000 9.922
10380.000 12.197
10390.000 13.313
10400.000 14.101
10410.000 13.273
10420.000 10.458
10430.000 8.176
10440.000 7.372
10450.000 6.255
10460.000 5.872
10470.000 5.365
10480.000 5.122
10490.000 5.086
10500.000 5.180
10510.000 5.307
10520.000 5.750
10530.000 6.491
10540.000 6.989
10550.000 8.366
10560.000 10.130
10570.000 10.971
10580.000 11.706
10590.000 11.298
10600.000 9.281
10610.000 7.311
10620.000 6.614
10630.000 5.668
10640.000 5.327
10650.000 4.788
10660.000 4.457
10670.000 4.361
10680.000 4.306
10690.000 4.333
10700.000 4.519
10710.000 4.678
10720.000 5.154
10730.000 5.465
10740.000 6.172
10750.000 6.953
10760.000 7.407
10770.000 8.060
10780.000 7.463
10790.000 6.756
10800.000 5.389
10810.000 4.459
10820.000 4.138
10830.000 3.718
10840.000 3.585
10850.000 3.436
10860.000 3.426
10870.000 3.460
10880.000 3.525
10890.000 3.718
10900.000 4.087
10910.000 4.400
10920.000 5.276
10930.000 5.740
10940.000 6.124
10950.000 5.206
10960.000 4.556
10970.000 3.532
10980.000 2.911
10990.000 2.708
11000.000 2.453
11010.000 2.353
11020.000 2.355
11030.000 2.440
11040.000 2.525
11050.000 2.767
11060.000 2.897
11070.000 3.020
11080.000 2.921
11090.000 2.373
11100.000 1.821
11110.000 1.620
11120.000 1.341
11130.000 1.176
11140.000 1.125
11150.000 1.027
11160.000 0.963
11170.000 0.757
11180.000 0.497
11190.000 0.393
11200.000 0.311
11210.000 0.203
11220.000 0.138
11230.000 0.098
11240.000 0.083
11250.000 0.073
11260.000 0.057
11270.000 0.046
11280.000 0.041
11290.000 0.036
11300.000 0.032
11310.000 0.025
11320.000 0.025
11330.000 0.023
11340.000 0.018
11350.000 0.021
11360.000 0.023
11370.000 0.019
11380.000 0.017
11390.000 0.015
11400.000 0.015
11410.000 0.016
11420.000 0.015
11430.000 0.016
11440.000 0.017
11450.000 0.016
11460.000 0.012
11470.000 0.013
11480.000 0.017
11490.000 0.013
11500.000 0.016
11510.000 0.013
11520.000 0.013
11530.000 0.014
11540.000 0.014
11550.000 0.014
11560.000 0.015
11570.000 0.014
11580.000 0.013
11590.000 0.014
11600.000 0.013
11610.000 0.014
11620.000 0.013
11630.000 0.013
11640.000 0.014
11650.000 0.011
11660.000 0.015
11670.000 0.014
11680.000 0.014
11690.000 0.014
11700.000 0.013
11710.000 0.013
11720.000 0.011
11730.000 0.013
11740.000 0.012
11750.000 0.010
11760.000 0.014
11770.000 0.014
11780.000 0.014
11790.000 0.015
11800.000 0.012
11810.000 0.014
11820.000 0.013
11830.000 0.011
11840.000 0.012
11850.000 0.014
11860.000 0.015
11870.000 0.014
11880.000 0.013
11890.000 0.016
11900.000 0.016
11910.000 0.014
11920.000 0.016
11930.000 0.013
11940.000 0.012
11950.000 0.013
11960.000 0.014
11970.000 0.012
11980.000 0.012
11990.000 0.015
12000.000 0.015
