# Drehschieberpumpe Sogvermoegensmessung
# p_0 = 1 bar
# p_end = 1x10^-2 mbar
# p/ mbar || t/s
1013 0 0 0 0 0
100 18.81 21.62 21.50 21.49 22.65
60 28.25 30.4 29.56 29.04 29.66
40 34.2 35.6 34.94 34.6 35.09
20 41.58 42.91 42.67 42.14 42.74
10 48.64 50.71 50.13 49.57 50.15
8 51.02 52.75 52.53 51.62 52.26
6 54.26 55.95 55.67 55.18 55.54
4 57.89 59.43 59.56 58.78 59.44
2 64.57 66.21 66.08 65.64 66.19
1 71.9 73.67 73.49 73.12 73.6
0.8 74.34 75.85 76 75.51 75.98
0.6 78.49 80.16 80.2 79.46 80.18
0.4 85.43 87.42 86.81 86.62 87.16
0.2 98.56 99.93 99.71 99.35 99.56
0.1 110.69 111.87 111.74 110.95 111.57
0.08 116.74 117.48 116.94 116.99 116.93
0.06 129.17 129.04 128.4 127.59 128.66