#t/min, T/C ,I/pA, b=2K/min
0 -50 0.6
1 -48.3 0.6
2 -46.3 0.6
3 -44.2 0.65
4 -42.1 0.7
5 -40.0 0.85
7 -38.1 1.0
8 -36.3 1.2
9 -34.4 1.55
10 -32.1 2.1
11 -29.1 3.0
12 -26.4 4.5
13 -24.4 6.1
14 -22.7 7.8
15 -21.0 9.6
16 -19.1 12.0
17 -17.0 15.0
18 -14.6 17.0
19 -12.5 19.0
20 -10.5 18.5
21 -8.8 16.5
22 -6.8 14.0
23 -4.7 12.0
24 -2.3 10.0
25 0.1 7.6
26 2.3 6.8
27 4.2 6.6
28 6.0 6.8
29 8.0 7.2
30 10.1 7.9
31 12.2 8.65
32 14.9 9.3
33 16.0 11.0
34 17.8 11.5
35 19.7 12.0
36 21.9 13.5
37 24.2 15.5
38 26.3 17.0
39 28.2 19.0
40 29.8 21.0
41 31.7 24.0
42 33.9 28.0
43 36.1 32.0
44 38.1 35.5
#45 39.8 38.0
#46 41.5 40.0
#47 43.5 41.5
#48 45.5 42.5
#49 47.5 42.5
#50 49.5 41.5
#51 51.5 39.0
#52 53.4 35.0
