$SPEC_ID:
No sample description was entered.
$SPEC_REM:
DET# 1
DETDESC# NEWTON MCB 338
AP# Maestro Version 6.06
$DATE_MEA:
11/21/2018 11:51:29
$MEAS_TIM:
6312 6314
$DATA:
0 8191
       0
       0
       0
       0
       0
       0
       0
       0
       0
       0
       0
       0
       0
       0
       0
       0
       0
       0
       0
       0
       0
       0
       0
       0
       0
       0
       0
       0
       0
       0
       0
       0
       0
       0
       0
       0
       0
       0
       0
       0
       0
       0
       0
       0
       0
       0
       0
       0
       0
       0
       0
       3
      26
      44
      97
     143
     173
     157
     153
     157
     146
     131
     148
     140
     148
     150
     137
     139
     171
     145
     141
     157
     156
     150
     156
     127
     131
     113
     136
     138
     136
     131
     146
     164
     118
     125
     127
     137
     131
     132
     108
     134
     133
     125
     143
     151
     103
     108
     142
     131
     127
     111
     124
     106
     109
     131
     113
     129
     125
     113
     119
     111
     110
     102
     104
     103
     118
     103
     106
     110
     105
     115
     106
     104
     103
     115
     116
     112
     113
      96
     124
     111
     105
     111
     113
     116
     111
     147
     177
     199
     137
     102
     115
     111
     107
      97
      92
     116
     112
     116
      99
     109
     114
     107
     110
     112
     104
     130
     117
     126
     138
     168
     145
     145
     156
     153
     147
     135
     137
     137
     139
     128
     167
     136
     144
     140
     144
     133
     118
     130
     130
     120
     117
     128
     130
     121
     153
     125
     144
     141
     134
     163
     139
     180
     184
     170
     192
     170
     160
     183
     177
     197
     192
     395
     653
     737
    1945
    4825
    5577
    2660
     581
     111
      94
      79
      77
      88
     107
     110
      84
      95
      71
      75
      78
      91
      93
      86
      87
      75
      75
     106
      82
      84
      74
      87
     107
     102
      96
      94
      92
      85
      89
      90
      87
      95
      94
      92
      75
      78
     103
      94
      94
      81
      91
     121
     101
      88
      80
      80
      93
      88
      89
      86
     112
      80
      81
      97
      80
     111
     121
      88
     106
      83
     112
     101
      96
      96
      88
     103
     104
      97
     102
     106
      84
      92
      84
      92
      88
      96
      97
     103
     104
     105
      98
     100
      96
     109
     103
      86
     117
     103
     108
     104
      94
      83
     121
      98
     100
     114
      98
     108
     101
     110
     125
      97
      97
     113
     106
     101
     116
      97
     118
      91
     112
     100
     138
     106
     121
     117
     107
      94
     103
     115
     107
     105
     111
     126
     130
     133
     150
     123
     146
     137
     119
     130
     145
     110
     142
     120
     144
     144
     117
     133
     153
     153
     156
     154
     154
     145
     145
     152
     155
     155
     158
     127
     150
     164
     156
     132
     166
     135
     135
     156
     144
     150
     138
     154
     154
     183
     201
     170
     173
     189
     178
     190
     189
     190
     176
     190
     181
     200
     180
     186
     173
     191
     169
     186
     164
     180
     172
     138
     162
     149
     157
     194
     218
     293
     236
     180
     155
     144
     133
     126
     131
     119
     113
     126
     141
     116
     120
     129
     132
     142
     111
     114
     112
     120
     107
     107
     125
      89
     101
     116
     105
     120
     114
     103
     108
     105
      95
     108
     105
     102
     110
      86
      85
      90
      89
     109
      90
     113
      86
      98
     111
      93
      75
      88
      97
     118
      94
      85
      96
      90
     126
      84
      96
     101
     108
     112
     103
     104
      99
      91
      93
     110
      88
      83
     102
      93
      80
      95
      88
      86
     103
      90
      83
      95
     118
      83
      96
      87
      85
     102
      96
      92
     111
      98
      87
      93
      83
      87
      99
      79
      97
     101
     107
      86
     104
     101
     101
      89
      89
      92
      86
      85
      91
      95
      82
      99
      81
      95
      74
      78
      85
      80
      71
      78
      81
      57
      77
      74
      73
      52
      76
      58
      58
      67
      61
      58
      65
      57
      49
      48
      63
      63
      57
      64
      48
      52
      56
      59
      52
      44
      53
      49
      44
      55
      45
      54
      46
      61
     100
     118
      82
      59
      56
      49
      49
      37
      42
      49
      47
      55
      59
      58
      39
      45
      54
      44
      53
      51
      43
      48
      43
      51
      46
      36
      48
      42
      43
      47
      48
      48
      40
      47
      44
      46
      39
      37
      44
      54
      36
      45
      35
      34
      36
      39
      33
      37
      38
      47
      37
      40
      36
      33
      42
      39
      45
      48
      43
      38
      49
      26
      37
      39
      44
      42
      32
      34
      24
      32
      45
      25
      32
      25
      27
      43
      30
      35
      44
      31
      33
      31
      33
      32
      33
      33
      39
      27
      29
      38
      23
      36
      28
      30
      29
      36
      33
      27
      28
      27
      23
      39
      27
      29
      32
      30
      27
      30
      36
      25
      26
      34
      26
      30
      21
      29
      32
      29
      28
      24
      33
      32
      25
      26
      35
      38
      33
      23
      38
      69
     137
     361
     685
     691
     417
     153
      50
      29
      27
      28
      28
      29
      21
      29
      24
      25
      27
      20
      25
      30
      26
      15
      16
      16
      23
      19
      28
      32
      21
      16
      29
      15
      23
      22
      26
      25
      24
      25
      22
      15
      26
      25
      20
      24
      30
      25
      25
      23
      22
      29
      26
      27
      27
      26
      23
      40
      21
      29
      24
      18
      28
      20
      15
      37
      57
     134
     459
    1029
    1483
    1349
     708
     223
      53
      26
      22
      18
      19
      21
      24
      27
      12
      28
      18
      11
      22
      14
      21
      31
      18
      17
      19
      18
      15
      22
      27
      15
      19
      14
      19
      21
      17
      15
      19
      18
      23
      18
      18
      16
      17
      14
      24
       9
      17
      17
      19
      14
      12
      19
      19
      17
      16
      12
      11
      16
      24
      17
      16
      14
      18
      17
      19
      19
      13
      19
      20
      20
      17
      19
      14
      21
      21
      19
      18
      27
      16
      17
      22
      13
      14
      15
      25
      23
      11
      18
      16
      24
      19
      12
      16
      19
      12
      22
      14
      16
      23
      23
      13
      14
      17
      25
      22
      16
      17
      15
      25
      18
      19
      15
      17
      15
      19
      18
      13
      21
      21
      14
      22
      14
      24
      16
      24
      26
      16
      18
      32
      56
     158
     522
    1503
    3065
    4027
    3350
    1867
     619
     145
      20
      19
       6
       8
       3
       6
       3
       5
      12
       7
       8
       4
       5
       5
       3
       5
       7
       7
       7
       8
       4
       2
       4
       5
       7
       6
       9
       5
       9
       8
       4
       3
       4
       9
       1
       5
       6
       6
       9
      10
       8
       7
       5
       6
       5
       9
       5
       8
       8
       6
       5
       1
       4
      10
       5
       6
       7
      11
       7
      11
      27
      97
     204
     404
     496
     427
     272
     105
      36
       3
       8
       6
       4
       8
       2
       4
       8
       4
       3
       4
       4
       3
       2
       8
       6
       2
       3
       2
       5
       9
       3
       6
       5
       4
       4
       6
       4
       3
       3
       5
       6
       3
       4
       1
       4
       4
       1
       6
       6
       2
       4
       4
       0
       3
       2
       8
       2
       1
       2
       1
       6
       2
       8
       2
       1
       3
       3
       4
       3
       4
       2
       3
       6
       4
       2
       3
       5
       8
       4
       5
       3
       5
       3
       3
      12
       3
       6
       1
       5
       5
       4
       3
       3
       1
       6
       7
       4
       3
       4
       6
       5
       5
       3
       5
       3
       6
       5
       1
       2
       6
       4
       1
       1
       6
       2
       5
       4
       6
       5
       1
       4
       5
       4
       3
       2
       4
       6
       7
       7
       5
       4
       4
       6
       6
      11
      15
      13
      10
       5
       6
       4
       1
      14
       7
       4
       1
       6
       2
       2
       2
       3
       2
       4
       1
       4
       5
       6
       2
       5
       3
       4
       4
       3
       9
       6
       2
       6
       6
       3
       3
       2
       5
       7
       4
       1
       1
       6
       4
       3
       3
       2
       5
       7
       5
       2
       3
       6
       4
       5
       3
       4
       3
       6
       0
       6
       4
       3
       6
       6
       4
       4
       4
       9
       5
       2
       3
       5
       4
       3
       3
       1
       4
       6
       7
       4
       6
       6
       2
       4
       4
       2
       0
       1
       4
       1
       4
       1
       5
       4
       3
       1
       3
       4
       4
       2
       2
       6
       3
       2
       4
       1
       5
       6
       2
       5
       3
       4
       3
       2
       7
       1
       3
       2
       5
       0
       6
       2
       3
       6
       3
       2
       4
       4
       5
       3
       5
       2
       2
       6
       3
       4
       2
       4
       4
       2
       4
       6
       2
       5
       6
       3
       2
       3
       4
       1
       1
       2
       5
       2
       4
       3
       3
       6
       2
       2
       8
       1
       1
       4
       3
       3
       3
       2
       5
       1
       4
       6
       0
       2
       2
       2
       8
       3
       4
       3
       2
      11
       8
       5
      13
       7
      12
       3
       6
       6
       4
       2
       1
       5
       4
       4
       2
       6
       1
       2
       4
       1
       2
       2
       1
       3
       3
       0
       3
       3
       3
       4
       5
       1
       3
       1
       6
       2
       3
       5
       4
       2
       5
       4
       2
       6
       3
       2
       7
       4
       0
       4
       2
       1
       3
       2
       2
       2
       3
       4
       2
       2
       1
       7
       1
       2
       3
       3
       8
       5
       7
       1
       5
       2
       3
       7
       4
       1
       2
       4
       3
       1
       0
       4
       3
       1
       1
       4
       2
       5
       4
       2
       3
       1
       3
       2
       0
       2
       3
       3
       6
       7
       0
       0
       2
       0
       4
       4
       2
       6
       1
       3
       2
       0
       1
       2
       3
       1
       4
       4
       7
       4
       4
       1
       5
       4
       3
       4
       4
       2
       2
       1
       5
       5
       1
       4
       7
       4
       3
       4
       1
       3
       2
       4
       2
       5
       1
       3
       5
       1
       3
       4
       3
       2
       2
       2
       3
       3
       2
       3
       3
       1
       4
       3
       2
       0
       1
       4
       2
       2
       5
       1
       3
       2
       1
       3
       3
       4
       2
       4
       2
       4
       2
       4
       4
       0
       2
       6
       3
       1
       4
       2
       2
       1
       1
       2
       2
       2
       3
       2
       2
       6
       0
       3
       2
       2
       0
       3
       2
       3
       1
       1
       1
       5
       4
       4
       1
       2
       4
       3
       5
       3
       2
       4
       3
       2
       4
       2
       2
       6
       1
       2
       2
       1
       2
       3
       6
       3
       1
       6
       1
       2
       4
       2
       2
       5
       1
       4
       8
       6
       5
       5
       4
       1
       5
       5
       3
       1
       4
       5
       2
       1
       4
       1
       3
       1
       4
       4
       4
       4
       3
       2
       5
       4
       1
       4
       4
       3
       4
       4
       3
       0
       1
       6
       2
       1
       4
       4
       4
       3
       6
       0
       2
       2
       3
       3
       2
       2
       5
       8
       3
       0
       1
       2
       2
       3
       5
       3
       2
       3
       4
       0
       2
       1
       2
       4
       1
       1
       4
       2
       3
       3
       3
       1
       4
       3
       2
       1
       3
       3
       1
       3
       0
       0
       2
       0
       1
       2
       5
       3
       5
       3
       0
       4
       3
       1
       4
       0
       4
       2
       1
       4
       5
       3
       2
       7
       3
       2
       2
       2
       2
       4
       1
       2
       3
       6
       3
       3
       3
       4
       3
       3
       2
       1
       3
       3
       5
       9
       8
       4
       4
       4
       3
       3
       2
       3
       1
       1
       2
       7
       4
       5
       0
       3
       3
       2
       4
       1
       2
       5
       4
       2
       1
       2
       4
       0
       4
       2
       4
       1
       3
       3
       4
       1
       1
       1
       3
       2
       4
       1
       1
       5
       0
       2
       3
       2
       0
       3
       1
       3
       2
       5
       4
       1
       3
       0
       3
       6
       5
       1
       1
       0
       4
       3
       4
       5
       1
       3
       2
       3
       1
       2
       4
       6
       4
       0
       4
       7
       4
       4
       3
       2
       3
       5
       4
       6
       0
       3
       3
       4
       2
       7
       4
       2
       2
       3
       3
       5
       0
       0
       4
       3
       2
       4
       6
       1
       2
       3
       1
       1
       1
       1
       4
       1
       2
       2
       1
       5
       3
       2
       0
       3
       2
       7
       0
       2
       0
       0
       2
       2
       4
       3
       1
       1
       2
       2
       1
       3
       2
       2
       2
       4
       3
       3
       2
       4
       3
       3
       0
       2
       1
       2
       1
       1
       2
       3
       2
       2
       5
       2
       2
       3
       3
       3
       3
       2
       2
       3
       1
       4
       5
       7
       4
       2
       4
       2
       2
       1
       2
       4
       2
       5
       1
       4
       1
       4
       1
       0
       0
       2
       1
       4
       0
       1
       3
       2
       2
       3
       0
       2
       4
       5
       1
       3
       1
       2
       1
       1
       5
       0
       0
       2
       2
       3
       3
       3
       4
       1
       1
       3
       3
       2
       2
       3
       1
       1
       1
       1
       3
       0
       1
       4
       8
       2
       3
       0
       0
       0
       1
       1
       1
       6
       1
       0
       0
       4
       0
       2
       2
       3
       4
       2
       4
       1
       7
       0
       1
       2
       2
       4
       1
       3
       2
       4
       4
       1
       2
       3
       1
       0
       3
       1
       1
       3
       1
       1
       2
       3
       2
       2
       2
       2
       0
       1
       0
       1
       3
       4
       6
       2
       0
       1
       1
       0
       0
       2
       4
       3
       2
       3
       0
       4
       3
       3
       1
       1
       1
       4
       1
       2
       2
       2
       2
       3
       2
       1
       3
       4
       6
       1
       1
       1
       3
       2
       2
       1
       1
       1
       2
       2
       3
       4
       3
       1
       2
       4
       2
       4
       1
       3
       0
       1
       2
       1
       2
       2
       3
       4
       2
       4
       1
       3
       1
       3
       3
       5
       2
       2
       5
       1
       3
       3
       2
       1
       0
       1
       2
       0
       4
       2
       0
       2
       1
       1
       1
       3
       2
       2
       2
       5
       2
       1
       3
       0
       2
       1
       1
       5
       0
       0
       1
       2
       4
       4
       2
       3
       4
       2
       1
       2
       1
       4
       1
       3
       0
       3
       4
       4
       2
       0
       0
       3
       1
       2
       3
       4
       1
       1
       1
       2
       1
       1
       3
       0
       2
       1
       1
       5
       3
       2
       1
       2
       1
       0
       3
       0
       2
       2
       4
       0
       1
       0
       3
       4
       2
       2
       1
       3
       5
       2
       4
       1
       4
       0
       1
       2
       3
       1
       3
       4
       3
       0
       1
       1
       2
       0
       2
       3
       2
       3
       2
       1
       1
       0
       0
       3
       3
       1
       4
       4
       1
       1
       3
       1
       2
       1
       2
       2
       5
       1
       1
       1
       2
       4
       1
       1
       2
       4
       3
       3
       4
       1
       0
       3
       1
       5
       1
       1
       3
       2
       1
       1
       2
       2
       0
       2
       2
       1
       2
       2
       3
       3
       2
       4
       1
       4
       3
       1
       1
       1
       6
       1
       3
       0
       4
       1
       0
       2
       0
       2
       4
       4
       2
       0
       2
       3
       1
       3
       1
       2
       2
       0
       4
       2
       1
       2
       0
       0
       0
       4
       6
       2
       1
       1
       1
       0
       3
       1
       2
       5
       0
       1
       1
       0
       0
       2
       3
       1
       0
       4
       2
       1
       1
       2
       0
       1
       2
       0
       2
       3
       0
       1
       1
       2
       1
       1
       2
       2
       0
       3
       3
       0
       1
       2
       1
       1
       2
       2
       2
       3
       1
       3
       3
       1
       1
       2
       3
       2
       1
       1
       1
       0
       2
       2
       0
       0
       0
       1
       2
       1
       2
       1
       2
       0
       1
       0
       2
       3
       1
       0
       1
       0
       0
       0
       3
       1
       1
       1
       0
       3
       0
       6
       1
       1
       2
       3
       1
       2
       2
       3
       2
       2
       0
       3
       3
       1
       3
       2
       1
       1
       2
       3
       1
       2
       1
       2
       1
       2
       1
       4
       2
       4
       0
       5
       2
       3
       0
       2
       2
       0
       0
       1
       1
       1
       3
       1
       1
       2
       1
       0
       3
       1
       2
       0
       2
       1
       2
       1
       5
       1
       4
       4
       0
       3
       1
       1
       1
       0
       4
       3
       2
       2
       1
       3
       1
       1
       5
       1
       1
       2
       1
       2
       2
       1
       1
       1
       1
       2
       2
       0
       2
       3
       3
       2
       3
       1
       3
       3
       2
       3
       1
       1
       2
       2
       6
       2
       0
       0
       1
       2
       1
       4
       3
       0
       3
       2
       0
       0
       1
       0
       2
       0
       1
       0
       3
       0
       3
       0
       2
       2
       3
       2
       1
       1
       0
       3
       2
       2
       0
       0
       1
       0
       1
       1
       4
       3
       1
       1
       3
       1
       2
       2
       0
       2
       2
       1
       3
       1
       1
       2
       0
       2
       0
       3
       1
       2
       1
       2
       3
       0
       2
       0
       1
       0
       3
       2
       0
       2
       1
       3
       1
       4
       2
       0
       1
       0
       0
       1
       3
       0
       3
       4
       4
       2
       1
       0
       1
       2
       0
       2
       2
       1
       2
       3
       2
       3
       3
       1
       2
       1
       3
       1
       1
       0
       3
       0
       0
       1
       1
       2
       1
       2
       2
       1
       1
       1
       0
       0
       2
       3
       1
       2
       2
       2
       0
       2
       2
       0
       3
       2
       2
       2
       0
       0
       1
       0
       1
       1
       3
       1
       2
       2
       0
       1
       2
       1
       2
       0
       2
       2
       2
       3
       3
       0
       0
       0
       0
       1
       2
       0
       2
       2
       2
       1
       2
       1
       5
       0
       1
       1
       4
       3
       1
       1
       4
       1
       1
       0
       3
       1
       3
       3
       1
       1
       1
       3
       1
       1
       1
       1
       1
       0
       2
       2
       0
       0
       1
       3
       2
       1
       1
       2
       4
       1
       1
       0
       0
       1
       0
       3
       3
       0
       0
       1
       3
       2
       0
       3
       0
       1
       1
       3
       1
       1
       1
       2
       2
       2
       1
       1
       3
       0
       1
       0
       2
       5
       1
       2
       1
       0
       2
       2
       1
       1
       3
       0
       2
       2
       0
       2
       1
       1
       4
       2
       1
       0
       1
       3
       4
       0
       1
       1
       0
       1
       1
       2
       2
       1
       0
       3
       6
       1
       0
       0
       1
       2
       0
       2
       1
       3
       1
       2
       1
       1
       0
       0
       1
       0
       0
       2
       1
       0
       0
       1
       2
       1
       0
       1
       3
       0
       1
       1
       0
       2
       5
       2
       0
       0
       1
       1
       0
       1
       1
       1
       4
       3
       3
       3
       1
       2
       0
       0
       1
       3
       0
       0
       0
       0
       1
       2
       2
       2
       3
       0
       2
       0
       4
       1
       1
       0
       1
       0
       1
       0
       1
       3
       2
       1
       2
       1
       1
       0
       2
       1
       1
       1
       1
       2
       1
       1
       0
       4
       1
       1
       1
       2
       1
       2
       1
       0
       2
       0
       1
       1
       1
       4
       0
       2
       2
       4
       3
       5
       0
       2
       4
       1
       0
       2
       3
       1
       2
       1
       2
       0
       0
       0
       0
       1
       0
       1
       2
       0
       2
       0
       1
       0
       1
       1
       1
       2
       0
       2
       2
       2
       1
       0
       1
       1
       1
       2
       1
       1
       3
       1
       1
       3
       2
       1
       0
       3
       2
       2
       2
       0
       1
       1
       1
       2
       2
       1
       1
       0
       2
       2
       2
       0
       2
       1
       1
       1
       0
       1
       0
       2
       4
       3
       2
       4
       1
       0
       1
       1
       1
       2
       3
       2
       2
       1
       0
       3
       1
       3
       2
       4
       1
       1
       2
       3
       2
       1
       0
       1
       1
       2
       0
       4
       1
       3
       2
       0
       1
       1
       1
       1
       1
       2
       1
       2
       2
       2
       2
       0
       2
       1
       1
       2
       1
       0
       0
       0
       0
       2
       2
       1
       0
       1
       0
       2
       0
       0
       1
       0
       1
       3
       3
       1
       1
       1
       0
       1
       1
       4
       3
       0
       0
       0
       3
       1
       1
       0
       1
       2
       3
       0
       1
       2
       1
       1
       2
       1
       0
       0
       2
       2
       1
       0
       2
       0
       1
       2
       0
       0
       0
       1
       2
       3
       1
       1
       2
       0
       1
       2
       0
       1
       1
       0
       0
       2
       2
       4
       1
       3
       0
       1
       2
       2
       1
       1
       1
       0
       0
       1
       2
       1
       1
       3
       4
       1
       2
       2
       0
       1
       1
       2
       0
       0
       3
       1
       3
       1
       0
       1
       2
       2
       2
       1
       2
       2
       1
       0
       1
       5
       1
       0
       1
       0
       2
       1
       0
       1
       2
       2
       0
       1
       2
       2
       1
       2
       3
       1
       1
       1
       2
       2
       1
       1
       2
       1
       0
       0
       2
       0
       2
       4
       0
       1
       1
       0
       1
       0
       2
       1
       1
       1
       0
       1
       1
       0
       1
       1
       0
       4
       2
       2
       3
       1
       0
       2
       0
       1
       2
       4
       1
       0
       2
       1
       1
       1
       1
       0
       0
       0
       1
       1
       1
       0
       0
       0
       3
       1
       0
       3
       0
       1
       0
       1
       1
       0
       1
       0
       3
       1
       1
       1
       1
       1
       0
       0
       1
       1
       0
       0
       0
       2
       1
       1
       1
       0
       3
       0
       0
       1
       0
       0
       0
       0
       0
       1
       1
       1
       0
       3
       0
       1
       2
       0
       1
       1
       1
       2
       0
       1
       2
       0
       1
       4
       0
       0
       0
       1
       1
       0
       1
       0
       2
       1
       1
       0
       1
       0
       1
       1
       3
       2
       0
       0
       1
       1
       1
       1
       2
       1
       2
       1
       2
       1
       0
       1
       1
       1
       0
       0
       0
       0
       0
       1
       1
       0
       1
       0
       2
       1
       2
       1
       0
       1
       2
       1
       1
       0
       1
       1
       3
       1
       0
       0
       1
       1
       0
       0
       1
       2
       1
       0
       1
       1
       1
       3
       0
       0
       1
       1
       1
       0
       2
       0
       2
       2
       1
       0
       0
       0
       1
       2
       1
       1
       1
       1
       1
       1
       0
       2
       2
       1
       2
       1
       1
       1
       0
       0
       1
       0
       0
       0
       1
       1
       1
       0
       0
       0
       3
       0
       2
       0
       0
       0
       1
       0
       0
       0
       1
       1
       0
       1
       1
       0
       3
       1
       1
       0
       0
       0
       0
       0
       0
       1
       0
       2
       0
       2
       1
       0
       2
       1
       3
       1
       1
       0
       1
       0
       0
       1
       0
       0
       0
       1
       0
       1
       2
       0
       0
       1
       0
       0
       2
       0
       0
       2
       0
       1
       3
       0
       0
       0
       1
       0
       0
       0
       1
       1
       1
       0
       0
       1
       1
       0
       2
       1
       0
       0
       0
       2
       1
       0
       0
       0
       1
       1
       0
       2
       0
       1
       1
       0
       1
       2
       0
       2
       0
       1
       0
       2
       1
       2
       1
       0
       2
       0
       0
       0
       1
       1
       1
       0
       0
       0
       1
       4
       2
       0
       1
       0
       0
       1
       0
       1
       0
       2
       0
       0
       1
       2
       1
       2
       1
       2
       0
       1
       2
       0
       2
       1
       1
       1
       3
       0
       1
       1
       0
       2
       1
       0
       1
       2
       0
       0
       1
       2
       0
       1
       1
       2
       0
       0
       0
       0
       0
       0
       3
       1
       1
       0
       1
       1
       0
       2
       0
       2
       1
       1
       1
       1
       1
       0
       1
       1
       1
       1
       1
       2
       2
       0
       2
       1
       0
       1
       1
       1
       1
       0
       1
       0
       1
       1
       0
       0
       1
       3
       1
       0
       1
       0
       1
       0
       0
       1
       0
       0
       2
       1
       2
       0
       0
       1
       3
       0
       0
       0
       0
       0
       1
       1
       0
       0
       1
       0
       0
       2
       0
       0
       0
       0
       1
       0
       1
       0
       1
       1
       2
       0
       0
       1
       1
       1
       0
       0
       2
       0
       0
       1
       0
       2
       1
       1
       1
       1
       0
       0
       1
       0
       0
       0
       0
       0
       1
       1
       1
       1
       0
       3
       1
       1
       0
       1
       2
       0
       1
       0
       0
       0
       1
       0
       0
       0
       0
       0
       0
       0
       0
       0
       0
       0
       0
       0
       0
       2
       0
       0
       0
       0
       1
       0
       2
       1
       0
       1
       0
       1
       1
       0
       1
       0
       0
       1
       0
       0
       0
       2
       0
       1
       1
       0
       1
       0
       1
       0
       0
       0
       2
       0
       1
       1
       1
       3
       0
       3
       0
       6
       1
       4
       6
       4
       9
       3
       5
       8
       3
       4
       3
       1
       1
       2
       1
       1
       1
       0
       0
       0
       3
       2
       1
       1
       0
       0
       0
       0
       1
       0
       0
       2
       0
       0
       1
       1
       1
       0
       0
       0
       0
       0
       0
       0
       2
       2
       0
       0
       0
       0
       0
       0
       1
       1
       0
       0
       0
       0
       0
       0
       1
       1
       0
       0
       0
       1
       0
       0
       1
       0
       0
       0
       0
       1
       1
       1
       0
       0
       2
       0
       3
       1
       1
       0
       0
       0
       0
       2
       1
       0
       0
       0
       1
       0
       1
       1
       1
       2
       0
       1
       1
       1
       1
       1
       1
       0
       0
       1
       0
       0
       1
       2
       3
       0
       0
       0
       0
       2
       1
       1
       2
       2
       0
       2
       2
       1
       0
       0
       0
       0
       0
       1
       1
       0
       1
       0
       0
       0
       1
       0
       0
       0
       1
       0
       0
       0
       0
       0
       2
       0
       0
       0
       1
       0
       0
       0
       0
       1
       1
       0
       0
       0
       0
       0
       1
       0
       0
       0
       0
       0
       2
       0
       1
       1
       0
       0
       0
       2
       1
       0
       1
       1
       0
       2
       2
       0
       1
       0
       1
       1
       1
       1
       0
       1
       0
       2
       0
       0
       0
       0
       0
       0
       3
       0
       1
       1
       1
       0
       2
       0
       0
       0
       0
       1
       0
       1
       0
       1
       0
       1
       2
       0
       0
       1
       0
       0
       1
       0
       1
       1
       0
       2
       0
       0
       1
       1
       1
       0
       0
       0
       0
       1
       2
       1
       0
       1
       0
       0
       1
       0
       0
       1
       1
       1
       0
       1
       0
       1
       2
       0
       0
       0
       0
       0
       1
       1
       0
       2
       0
       0
       0
       0
       0
       0
       0
       0
       1
       0
       0
       0
       0
       1
       0
       0
       0
       0
       0
       0
       0
       0
       1
       0
       0
       1
       0
       1
       1
       0
       0
       1
       0
       0
       0
       0
       0
       0
       0
       0
       0
       0
       0
       3
       2
       0
       1
       2
       2
       0
       1
       1
       1
       0
       1
       1
       1
       0
       0
       2
       0
       0
       1
       0
       1
       0
       0
       1
       0
       0
       0
       1
       0
       0
       0
       1
       1
       0
       3
       0
       1
       0
       0
       0
       1
       1
       0
       0
       0
       0
       1
       1
       1
       1
       0
       0
       1
       1
       0
       1
       0
       0
       1
       0
       0
       1
       1
       0
       1
       1
       1
       1
       1
       0
       1
       0
       1
       0
       0
       0
       1
       1
       0
       0
       0
       2
       0
       1
       0
       0
       1
       0
       1
       1
       0
       1
       1
       0
       0
       0
       0
       0
       1
       0
       1
       1
       0
       1
       1
       0
       0
       0
       0
       0
       0
       2
       0
       1
       0
       1
       0
       0
       0
       0
       1
       0
       0
       0
       0
       0
       0
       0
       0
       0
       0
       0
       1
       0
       1
       0
       0
       0
       1
       0
       0
       1
       0
       0
       1
       0
       1
       0
       0
       1
       0
       0
       0
       0
       0
       0
       0
       0
       0
       0
       1
       0
       0
       0
       0
       1
       1
       0
       0
       0
       0
       0
       1
       0
       1
       0
       2
       0
       0
       0
       0
       1
       0
       0
       0
       0
       0
       0
       0
       0
       1
       0
       2
       0
       1
       0
       1
       1
       0
       1
       0
       0
       1
       1
       1
       0
       0
       0
       0
       0
       0
       0
       1
       0
       0
       1
       0
       0
       0
       1
       1
       0
       1
       0
       0
       0
       0
       1
       0
       1
       0
       0
       0
       0
       1
       1
       0
       0
       0
       0
       0
       0
       0
       1
       1
       0
       0
       0
       0
       1
       0
       0
       1
       0
       0
       0
       0
       0
       1
       0
       1
       0
       1
       0
       0
       0
       0
       0
       0
       0
       0
       1
       0
       0
       2
       0
       0
       0
       0
       0
       2
       0
       0
       0
       0
       0
       1
       0
       0
       0
       0
       0
       0
       1
       0
       0
       0
       0
       0
       1
       0
       0
       0
       0
       2
       0
       0
       0
       0
       0
       2
       0
       0
       1
       0
       0
       1
       0
       0
       0
       0
       0
       0
       0
       1
       1
       0
       1
       0
       1
       0
       0
       0
       0
       0
       1
       1
       0
       0
       0
       1
       0
       0
       0
       0
       0
       1
       0
       0
       0
       0
       0
       0
       1
       1
       0
       2
       0
       0
       0
       0
       0
       2
       1
       0
       0
       0
       0
       1
       1
       0
       0
       0
       0
       0
       0
       1
       0
       0
       0
       0
       0
       1
       1
       0
       0
       0
       0
       0
       0
       1
       0
       1
       1
       0
       0
       0
       0
       0
       0
       0
       0
       0
       0
       0
       1
       0
       0
       0
       0
       1
       0
       0
       0
       0
       0
       0
       0
       0
       1
       1
       0
       0
       1
       0
       0
       1
       0
       0
       0
       1
       1
       0
       1
       0
       0
       0
       1
       1
       1
       2
       0
       2
       2
       3
       0
       2
       1
       2
       2
       0
       3
       2
       2
       0
       0
       0
       1
       1
       1
       0
       2
       0
       0
       0
       1
       0
       0
       2
       1
       1
       0
       1
       0
       0
       1
       1
       1
       0
       2
       0
       0
       2
       0
       0
       0
       0
       0
       1
       2
       0
       0
       0
       0
       1
       0
       0
       0
       0
       1
       0
       0
       0
       0
       0
       0
       0
       1
       0
       0
       0
       0
       1
       0
       0
       0
       0
       0
       0
       0
       0
       1
       0
       0
       0
       0
       1
       0
       0
       1
       0
       0
       0
       0
       0
       0
       1
       0
       0
       0
       0
       0
       0
       0
       0
       1
       0
       0
       0
       0
       0
       1
       0
       0
       0
       1
       0
       2
       1
       1
       0
       0
       0
       0
       0
       0
       0
       0
       0
       0
       0
       1
       0
       0
       1
       1
       0
       0
       0
       1
       1
       0
       1
       0
       0
       0
       0
       2
       0
       0
       0
       0
       1
       1
       0
       0
       0
       0
       0
       0
       0
       0
       1
       0
       0
       0
       0
       0
       0
       0
       1
       0
       0
       0
       0
       0
       0
       1
       0
       0
       0
       2
       1
       1
       0
       1
       0
       1
       1
       0
       0
       0
       0
       1
       0
       0
       0
       1
       0
       1
       0
       0
       0
       0
       1
       1
       0
       1
       1
       1
       0
       0
       1
       0
       0
       0
       0
       1
       0
       1
       1
       0
       0
       0
       0
       1
       0
       0
       1
       0
       1
       0
       0
       0
       0
       0
       0
       2
       1
       0
       0
       0
       0
       0
       0
       0
       0
       1
       0
       1
       0
       0
       0
       0
       0
       0
       0
       0
       0
       0
       0
       0
       0
       0
       0
       0
       1
       1
       0
       0
       0
       1
       0
       0
       0
       0
       0
       1
       0
       3
       0
       0
       0
       0
       0
       0
       0
       0
       1
       0
       0
       1
       0
       0
       0
       1
       0
       1
       1
       0
       1
       0
       0
       0
       0
       0
       0
       0
       0
       0
       1
       0
       0
       0
       0
       0
       0
       0
       0
       0
       0
       0
       0
       0
       0
       2
       0
       0
       1
       0
       0
       0
       0
       0
       1
       0
       0
       0
       0
       0
       0
       0
       0
       0
       0
       1
       0
       0
       0
       1
       0
       0
       0
       0
       0
       0
       0
       1
       0
       0
       0
       0
       0
       0
       1
       0
       0
       0
       0
       0
       2
       0
       2
       0
       0
       0
       0
       0
       0
       0
       0
       0
       0
       0
       0
       0
       1
       0
       0
       0
       1
       0
       0
       0
       0
       3
       0
       0
       1
       0
       0
       0
       1
       2
       0
       0
       0
       0
       0
       2
       1
       0
       0
       0
       0
       1
       0
       0
       1
       0
       0
       0
       0
       0
       0
       0
       0
       0
       0
       0
       1
       0
       1
       0
       0
       0
       0
       1
       2
       1
       0
       0
       0
       0
       0
       0
       0
       2
       0
       0
       0
       0
       0
       1
       0
       2
       0
       0
       0
       0
       1
       0
       0
       0
       0
       0
       1
       0
       0
       0
       0
       0
       0
       1
       0
       1
       0
       1
       0
       0
       0
       1
       0
       0
       0
       0
       1
       0
       1
       0
       0
       0
       0
       2
       3
       0
       0
       2
       0
       1
       0
       0
       1
       0
       1
       0
       0
       1
       0
       1
       0
       0
       0
       0
       0
       0
       1
       0
       0
       0
       0
       0
       0
       0
       0
       0
       1
       1
       1
       0
       0
       1
       0
       1
       0
       1
       0
       0
       0
       0
       0
       0
       0
       0
       0
       0
       0
       0
       0
       0
       0
       1
       0
       1
       0
       1
       1
       0
       1
       1
       1
       1
       1
       0
       0
       0
       1
       0
       0
       0
       0
       1
       0
       1
       0
       0
       1
       1
       0
       0
       0
       0
       0
       0
       0
       0
       0
       1
       0
       1
       0
       0
       0
       0
       0
       0
       0
       0
       1
       1
       0
       0
       0
       0
       1
       0
       0
       0
       0
       0
       0
       0
       0
       0
       1
       0
       0
       0
       0
       0
       0
       0
       1
       0
       0
       0
       0
       0
       0
       0
       0
       1
       2
       1
       0
       0
       0
       1
       2
       0
       0
       0
       0
       0
       0
       0
       0
       0
       0
       1
       1
       1
       0
       0
       0
       0
       1
       0
       0
       0
       0
       0
       2
       0
       1
       0
       0
       0
       1
       1
       2
       0
       0
       0
       0
       1
       1
       0
       0
       1
       0
       0
       0
       0
       0
       0
       0
       0
       1
       1
       1
       1
       0
       0
       0
       0
       0
       0
       0
       0
       0
       0
       0
       0
       0
       0
       0
       0
       0
       1
       1
       1
       0
       0
       0
       0
       0
       0
       0
       0
       0
       1
       0
       0
       0
       0
       0
       0
       0
       0
       0
       0
       1
       0
       0
       0
       0
       0
       0
       0
       0
       1
       0
       0
       0
       0
       0
       0
       1
       0
       1
       1
       1
       0
       1
       0
       0
       0
       0
       0
       0
       0
       0
       0
       0
       0
       0
       1
       0
       0
       0
       0
       0
       1
       0
       1
       1
       0
       0
       0
       0
       0
       0
       0
       1
       0
       0
       0
       0
       0
       0
       0
       0
       0
       0
       0
       0
       0
       0
       0
       0
       1
       0
       0
       0
       0
       0
       0
       0
       0
       0
       0
       0
       0
       1
       0
       0
       0
       0
       0
       0
       0
       0
       0
       0
       0
       0
       1
       0
       0
       0
       0
       0
       1
       0
       0
       0
       0
       0
       0
       1
       0
       0
       0
       1
       1
       1
       0
       0
       1
       1
       1
       0
       0
       0
       0
       1
       2
       0
       0
       0
       0
       0
       0
       1
       0
       0
       0
       0
       1
       0
       1
       1
       0
       0
       2
       0
       0
       1
       0
       1
       0
       0
       0
       0
       0
       2
       0
       1
       1
       1
       1
       0
       1
       0
       1
       0
       0
       0
       0
       1
       0
       0
       1
       1
       0
       0
       0
       1
       0
       0
       0
       0
       1
       0
       0
       0
       0
       0
       0
       1
       0
       0
       1
       1
       0
       0
       0
       1
       0
       0
       1
       0
       1
       0
       0
       0
       0
       0
       0
       0
       0
       1
       0
       1
       0
       0
       0
       1
       0
       0
       0
       0
       0
       0
       0
       0
       0
       0
       0
       0
       2
       0
       0
       0
       0
       0
       0
       0
       0
       0
       0
       0
       1
       0
       1
       0
       0
       0
       0
       0
       0
       0
       0
       0
       0
       0
       0
       0
       0
       0
       0
       0
       0
       0
       0
       0
       1
       0
       0
       1
       1
       1
       0
       0
       0
       1
       0
       0
       0
       1
       0
       0
       0
       1
       0
       1
       0
       0
       0
       1
       0
       0
       0
       1
       0
       0
       0
       1
       0
       0
       0
       0
       0
       0
       0
       1
       0
       0
       0
       0
       0
       0
       1
       1
       0
       0
       0
       0
       0
       0
       0
       0
       1
       0
       0
       0
       0
       0
       0
       1
       0
       0
       0
       0
       0
       0
       1
       0
       0
       1
       0
       0
       0
       0
       0
       0
       0
       0
       0
       0
       0
       0
       0
       0
       0
       0
       0
       0
       1
       0
       1
       1
       0
       1
       0
       1
       1
       0
       0
       1
       1
       0
       0
       1
       1
       0
       0
       0
       0
       0
       0
       0
       0
       0
       0
       0
       0
       0
       0
       0
       0
       0
       0
       1
       0
       0
       0
       0
       0
       0
       0
       0
       0
       0
       1
       0
       0
       0
       1
       0
       1
       0
       0
       0
       0
       1
       0
       0
       0
       0
       0
       0
       0
       0
       0
       2
       0
       0
       0
       0
       0
       1
       0
       0
       0
       0
       0
       0
       0
       1
       0
       0
       1
       0
       0
       1
       1
       0
       0
       0
       0
       0
       0
       0
       0
       0
       0
       0
       2
       0
       0
       0
       0
       0
       0
       0
       0
       0
       0
       0
       0
       0
       0
       0
       0
       1
       0
       1
       0
       0
       0
       0
       0
       0
       0
       0
       0
       0
       0
       0
       0
       0
       0
       0
       0
       0
       0
       0
       1
       1
       1
       1
       0
       0
       0
       0
       1
       1
       1
       0
       0
       0
       0
       1
       0
       0
       1
       0
       0
       0
       0
       0
       0
       0
       0
       0
       1
       0
       0
       0
       0
       1
       0
       0
       0
       0
       0
       0
       0
       0
       1
       0
       0
       0
       0
       0
       0
       0
       0
       0
       0
       0
       0
       0
       0
       0
       0
       0
       0
       0
       0
       0
       0
       0
       0
       0
       0
       0
       0
       0
       1
       0
       0
       0
       0
       0
       0
       1
       0
       0
       0
       0
       0
       0
       0
       0
       1
       0
       1
       0
       0
       0
       0
       0
       0
       0
       0
       0
       0
       0
       1
       0
       1
       0
       0
       0
       0
       0
       1
       1
       0
       0
       1
       0
       0
       0
       0
       0
       0
       1
       0
       0
       1
       1
       0
       0
       0
       0
       1
       1
       0
       0
       0
       0
       0
       0
       0
       1
       0
       0
       0
       0
       0
       0
       0
       0
       0
       0
       0
       0
       0
       0
       0
       0
       2
       0
       0
       0
       0
       0
       0
       0
       0
       1
       1
       1
       0
       0
       0
       2
       0
       0
       0
       0
       0
       0
       0
       0
       0
       0
       0
       0
       1
       0
       0
       0
       0
       0
       0
       0
       0
       0
       0
       1
       0
       0
       0
       0
       1
       0
       1
       0
       0
       0
       0
       0
       0
       0
       0
       0
       0
       0
       0
       0
       0
       0
       1
       2
       1
       0
       0
       0
       0
       1
       1
       0
       1
       1
       0
       0
       0
       1
       0
       0
       0
       0
       0
       1
       0
       0
       0
       0
       0
       0
       0
       0
       0
       0
       0
       0
       0
       0
       0
       0
       0
       0
       0
       1
       0
       0
       1
       0
       0
       1
       0
       0
       0
       0
       0
       0
       0
       1
       1
       0
       0
       0
       2
       1
       0
       1
       1
       0
       0
       0
       0
       0
       0
       0
       0
       0
       0
       0
       0
       0
       0
       0
       0
       0
       0
       0
       0
       0
       0
       1
       0
       0
       0
       0
       1
       0
       0
       0
       0
       0
       0
       0
       0
       0
       0
       0
       0
       0
       0
       0
       0
       0
       0
       0
       0
       0
       0
       1
       0
       1
       0
       0
       0
       0
       0
       1
       1
       0
       0
       0
       0
       0
       0
       0
       0
       0
       0
       0
       0
       0
       0
       0
       0
       0
       0
       0
       0
       0
       0
       0
       0
       1
       0
       0
       0
       0
       0
       0
       0
       0
       0
       0
       0
       0
       0
       0
       1
       0
       0
       0
       0
       0
       0
       1
       0
       0
       0
       0
       0
       0
       0
       0
       2
       0
       0
       0
       0
       1
       0
       0
       0
       0
       0
       1
       0
       0
       0
       0
       0
       0
       1
       0
       0
       0
       0
       0
       0
       1
       0
       0
       0
       0
       0
       0
       0
       0
       0
       0
       0
       0
       0
       0
       0
       0
       0
       0
       0
       0
       0
       0
       0
       0
       0
       0
       0
       0
       0
       0
       0
       0
       0
       0
       0
       0
       0
       0
       1
       0
       1
       0
       1
       1
       1
       0
       2
       1
       0
       0
       0
       0
       0
       0
       1
       1
       0
       1
       0
       0
       0
       0
       0
       0
       0
       0
       0
       0
       0
       0
       0
       0
       1
       0
       0
       0
       0
       0
       0
       0
       0
       0
       0
       1
       0
       0
       0
       0
       0
       1
       1
       0
       0
       0
       0
       0
       0
       0
       0
       0
       0
       0
       0
       0
       0
       0
       0
       0
       0
       0
       0
       1
       0
       0
       0
       0
       0
       0
       0
       0
       0
       0
       0
       0
       0
       0
       0
       1
       0
       0
       0
       0
       0
       0
       0
       1
       0
       0
       0
       0
       0
       0
       0
       0
       0
       0
       0
       1
       0
       0
       0
       0
       0
       0
       0
       0
       0
       1
       0
       1
       0
       1
       0
       0
       0
       0
       1
       0
       0
       0
       0
       0
       0
       0
       0
       0
       0
       1
       0
       0
       1
       0
       0
       1
       1
       0
       0
       0
       0
       0
       0
       0
       1
       0
       0
       0
       0
       0
       0
       0
       0
       0
       0
       0
       0
       0
       0
       0
       0
       0
       0
       0
       0
       1
       0
       0
       0
       0
       0
       1
       0
       0
       0
       0
       0
       1
       0
       0
       0
       0
       0
       0
       0
       0
       0
       0
       0
       0
       0
       0
       0
       0
       0
       0
       1
       0
       0
       0
       1
       0
       0
       0
       0
       0
       0
       0
       0
       0
       0
       0
       0
       2
       0
       0
       0
       0
       0
       0
       0
       0
       0
       0
       0
       0
       0
       0
       0
       0
       0
       0
       0
       0
       0
       0
       0
       0
       0
       1
       0
       0
       0
       0
       0
       0
       0
       0
       0
       0
       0
       0
       0
       0
       0
       0
       0
       0
       0
       0
       0
       0
       0
       0
       0
       0
       0
       0
       1
       0
       0
       1
       0
       0
       0
       0
       0
       0
       0
       0
       0
       0
       0
       0
       0
       0
       0
       0
       0
       0
       0
       0
       0
       0
       0
       0
       0
       0
       0
       0
       0
       0
       0
       0
       0
       0
       0
       0
       0
       0
       0
       0
       0
       0
       0
       0
       0
       0
       0
       1
       0
       0
       0
       1
       1
       0
       0
       0
       0
       0
       0
       0
       0
       0
       0
       0
       0
       0
       0
       1
       0
       0
       1
       0
       1
       0
       0
       1
       0
       0
       0
       0
       0
       0
       0
       0
       1
       0
       0
       0
       0
       0
       0
       0
       0
       0
       0
       0
       0
       0
       1
       0
       0
       0
       0
       0
       0
       0
       0
       0
       0
       0
       0
       0
       0
       0
       0
       0
       0
       0
       0
       0
       0
       0
       0
       0
       0
       0
       0
       1
       0
       0
       1
       0
       0
       1
       0
       0
       0
       0
       0
       1
       0
       2
       0
       0
       0
       0
       1
       1
       2
       0
       0
       1
       0
       1
       0
       0
       0
       0
       0
       0
       0
       0
       0
       0
       0
       0
       0
       0
       0
       0
       0
       0
       0
       0
       0
       0
       0
       0
       0
       0
       0
       0
       1
       0
       0
       0
       0
       0
       0
       0
       0
       0
       1
       0
       0
       0
       0
       0
       0
       1
       0
       0
       0
       0
       0
       1
       0
       1
       0
       0
       1
       0
       0
       0
       0
       0
       0
       0
       0
       0
       0
       0
       0
       0
       0
       0
       0
       0
       0
       0
       0
       0
       0
       0
       0
       0
       0
       0
       0
       0
       0
       0
       0
       0
       0
       0
       0
       0
       0
       0
       0
       1
       0
       0
       0
       0
       0
       0
       0
       0
       0
       0
       0
       0
       0
       0
       0
       0
       0
       0
       0
       0
       0
       0
       0
       0
       0
       1
       0
       0
       0
       0
       0
       0
       0
       0
       0
       0
       0
       0
       0
       0
       0
       0
       0
       0
       0
       0
       1
       0
       0
       0
       0
       1
       0
       0
       0
       0
       0
       0
       0
       0
       0
       0
       0
       1
       0
       0
       0
       0
       0
       0
       0
       0
       0
       0
       0
       0
       0
       0
       0
       0
       0
       0
       0
       1
       0
       0
       0
       0
       0
       0
       1
       0
       0
       0
       0
       1
       0
       0
       0
       0
       0
       0
       0
       0
       0
       0
       0
       0
       0
       0
       0
       0
       0
       0
       0
       0
       0
       1
       0
       0
       0
       0
       0
       0
       0
       1
       0
       0
       0
       0
       0
       0
       0
       0
       0
       0
       0
       0
       0
       0
       0
       0
       1
       0
       0
       0
       0
       0
       0
       0
       0
       0
       0
       0
       0
       0
       0
       0
       0
       0
       0
       0
       0
       0
       0
       0
       0
       0
       0
       0
       0
       0
       0
       1
       0
       0
       0
       0
       0
       0
       0
       0
       1
       0
       0
       0
       0
       0
       0
       0
       0
       0
       1
       0
       0
       0
       0
       0
       0
       0
       0
       0
       0
       0
       0
       0
       1
       0
       0
       0
       0
       0
       0
       0
       1
       0
       0
       0
       0
       0
       0
       0
       0
       1
       0
       0
       0
       0
       0
       0
       1
       0
       0
       0
       0
       0
       0
       0
       0
       0
       0
       0
       0
       0
       0
       0
       0
       0
       0
       0
       0
       1
       0
       0
       0
       0
       0
       0
       0
       0
       0
       0
       0
       0
       0
       0
       0
       0
       0
       0
       0
       0
       0
       0
       0
       0
       0
       0
       0
       0
       0
       0
       0
       0
       0
       0
       0
       0
       0
       0
       0
       0
       0
       0
       0
       0
       1
       0
       0
       0
       0
       0
       0
       0
       0
       0
       0
       0
       0
       0
       0
       0
       0
       0
       0
       0
       0
       0
       0
       0
       0
       0
       0
       0
       0
       1
       0
       0
       0
       0
       0
       0
       0
       0
       0
       0
       0
       0
       0
       0
       0
       0
       0
       1
       0
       0
       0
       1
       0
       0
       0
       0
       0
       0
       1
       0
       0
       0
       0
       0
       0
       0
       0
       0
       0
       0
       0
       0
       0
       1
       0
       0
       0
       0
       0
       0
       0
       0
       0
       0
       0
       0
       1
       0
       0
       0
       0
       0
       0
       0
       0
       0
       0
       0
       0
       0
       0
       1
       0
       0
       0
       0
       0
       0
       0
       0
       0
       1
       0
       0
       0
       0
       0
       0
       0
       0
       0
       0
       0
       0
       0
       1
       0
       0
       0
       0
       0
       0
       0
       0
       0
       0
       0
       0
       0
       1
       0
       0
       0
       0
       0
       0
       1
       0
       0
       0
       0
       0
       0
       0
       0
       0
       0
       0
       0
       0
       1
       0
       0
       0
       0
       0
       0
       0
       0
       0
       0
       0
       0
       0
       0
       0
       0
       0
       0
       0
       0
       0
       0
       0
       0
       0
       0
       0
       1
       0
       0
       0
       0
       0
       0
       0
       0
       0
       0
       0
       0
       0
       0
       0
       0
       0
       0
       0
       0
       0
       0
       0
       0
       0
       0
       0
       0
       0
       0
       1
       0
       0
       0
       0
       0
       0
       0
       0
       1
       0
       0
       0
       0
       0
       0
       0
       0
       0
       0
       0
       0
       0
       0
       0
       0
       0
       0
       0
       0
       0
       0
       0
       0
       0
       0
       0
       0
       0
       0
       0
       0
       0
       0
       0
       0
       0
       0
       0
       0
       0
       0
       0
       0
       0
       0
       0
       0
       0
       0
       0
       0
       0
       0
       0
       0
       0
       0
       0
       1
       0
       0
       0
       0
       0
       0
       0
       0
       0
       0
       0
       0
       0
       0
       0
       0
       0
       0
       0
       0
       0
       0
       0
       0
       0
       0
       0
       0
       0
       0
       0
       0
       0
       0
       0
       0
       0
       0
       0
       0
       0
       0
       0
       0
       0
       0
       0
       0
       1
       0
       1
       0
       0
       0
       0
       0
       0
       0
       0
       0
       0
       0
       0
       0
       0
       0
       0
       0
       0
       0
       0
       0
       0
       0
       0
       0
       0
       0
       0
       0
       0
       0
       0
       0
       0
       0
       0
       0
       0
       0
       0
       0
       0
       1
       0
       0
       0
       0
       0
       0
       0
       0
       0
       0
       0
       0
       0
       0
       0
       0
       0
       0
       0
       0
       0
       0
       0
       0
       0
       0
       1
       0
       0
       0
       0
       0
       0
       1
       0
       0
       1
       0
       0
       0
       0
       0
       0
       0
       0
       0
       0
       0
       0
       0
       0
       0
       1
       0
       1
       0
       0
       0
       0
       0
       0
       0
       0
       0
       0
       0
       0
       0
       0
       0
       0
       0
       0
       0
       0
       0
       0
       0
       0
       0
       0
       0
       0
       0
       0
       0
       0
       0
       0
       0
       1
       0
       0
       0
       0
       1
       0
       0
       0
       0
       0
       0
       0
       0
       0
       0
       0
       0
       0
       0
       0
       0
       0
       0
       0
       0
       0
       0
       0
       0
       0
       0
       0
       0
       0
       0
       0
       0
       0
       0
       0
       0
       0
       0
       0
       1
       0
       1
       0
       0
       0
       0
       0
       0
       0
       0
       0
       0
       0
       0
       0
       0
       0
       0
       0
       0
       0
       0
       0
       0
       0
       0
       0
       0
       0
       0
       0
       1
       0
       0
       1
       0
       0
       0
       0
       0
       0
       0
       0
       0
       0
       0
       0
       0
       0
       0
       0
       0
       0
       0
       0
       0
       0
       0
       0
       0
       0
       0
       0
       0
       0
       0
       0
       0
       0
       0
       0
       0
       0
       0
       0
       0
       0
       0
       0
       0
       0
       0
       0
       0
       0
       0
       0
       0
       0
       0
       0
       1
       0
       0
       0
       0
       0
       0
       0
       0
       0
       0
       0
       0
       1
       0
       0
       0
       0
       0
       0
       0
       0
       0
       0
       0
       0
       0
       0
       0
       0
       0
       0
       0
       0
       0
       0
       0
       0
       0
       0
       0
       1
       0
       0
       0
       1
       0
       0
       0
       0
       1
       0
       0
       0
       0
       0
       0
       0
       0
       0
       0
       0
       0
       0
       0
       0
       0
       0
       0
       0
       0
       0
       0
       0
       0
       1
       0
       0
       0
       1
       0
       0
       0
       0
       0
       0
       0
       0
       0
       0
       0
       0
       1
       0
       0
       0
       0
       0
       0
       0
       0
       0
       0
       0
       0
       1
       0
       0
       0
       0
       0
       0
       0
       0
       0
       0
       0
       0
       0
       0
       0
       0
       0
       0
       0
       0
       0
       0
       0
       0
       0
       0
       0
       0
       0
       0
       0
       0
       0
       0
       0
       0
       0
       0
       0
       0
       0
       1
       0
       0
       0
       0
       0
       0
       0
       0
       0
       0
       0
       0
       0
       0
       0
       0
       0
       1
       0
       0
       0
       0
       0
       0
       0
       0
       0
       0
       0
       0
       0
       0
       0
       0
       0
       0
       1
       0
       1
       0
       0
       0
       0
       0
       0
       0
       0
       0
       0
       0
       0
       0
       0
       0
       0
       0
       0
       0
       0
       0
       0
       0
       0
       0
       0
       0
       0
       0
       0
       0
       0
       0
       0
       0
       0
       0
       0
       0
       0
       0
       0
       0
       0
       0
       0
       0
       0
       0
       0
       0
       0
       0
       0
       0
       0
       0
       0
       0
       0
       0
       0
       0
       0
       0
       2
       0
       0
       0
       0
       0
       1
       0
       0
       0
       0
       0
       0
       0
       0
       0
       0
       0
       0
       0
       0
       0
       0
       0
       0
       0
       0
       0
       0
       0
       1
       0
       0
       0
       0
       0
       0
       0
       0
       0
       0
       0
       0
       0
       0
       0
       0
       0
       0
       0
       0
       1
       0
       0
       0
       0
       0
       0
       0
       0
       0
       0
       0
       0
       0
       0
       0
       0
       0
       0
       0
       0
       0
       0
       0
       0
       1
       0
       0
       0
       0
       1
       0
       0
       0
       0
       0
       0
       0
       0
       0
       0
       0
       0
       0
       0
       0
       0
       0
       0
       0
       0
       0
       0
       0
       0
       0
       0
       0
       0
       0
       0
       1
       0
       0
       1
       0
       0
       0
       0
       0
       0
       0
       0
       0
       0
       0
       0
       0
       0
       1
       1
       0
       0
       0
       0
       0
       0
       0
       0
       0
       0
       0
       0
       0
       0
       0
       0
       0
       0
       0
       0
       0
       0
       0
       0
       0
       0
       0
       0
       0
       0
       0
       0
       0
       0
       0
       0
       0
       1
       0
       0
       0
       0
       0
       0
       0
       0
       0
       0
       0
       0
       0
       0
       1
       0
       0
       0
       0
       0
       0
       0
       0
       0
       1
       0
       0
       0
       0
       0
       0
       0
       0
       0
       0
       0
       0
       0
       0
       0
       0
       0
       0
       0
       0
       0
       0
       0
       0
       0
       0
       0
       0
       0
       0
       0
       0
       0
       0
       0
       0
       0
       0
       0
       0
       0
       0
       0
       0
       0
       0
       0
       0
       0
       0
       0
       0
       3
       1
       0
       0
       1
       0
       3
       2
       1
       0
       0
       0
       0
       2
       1
       1
       2
       0
       0
       1
       1
       0
       3
       0
       3
       6
       1
       1
       4
       2
       1
       2
       0
       2
       2
       1
       0
       1
       0
       1
       2
       1
       0
       0
       0
       0
       0
       0
       1
       1
       0
       2
       6
       0
       0
       2
       0
       3
       1
       0
       0
       2
       2
       0
       0
       1
       1
       2
       1
       2
       2
       2
       1
       1
       0
       0
       2
       2
       1
       0
       0
       1
       0
       0
       2
       1
       1
       3
       0
       1
       1
       0
       1
       2
       0
       4
       1
       0
       1
       2
       0
       0
       2
       0
       0
       0
       0
       2
       0
       2
       1
       1
       1
       0
       1
       0
       0
       0
       1
       1
       0
       3
       0
       0
       3
       4
       1
       2
       1
       1
       0
       0
       0
       3
       1
       0
       0
       0
       0
       3
       1
       2
       0
       1
       2
       0
       1
       1
       2
       0
       0
       3
       0
       2
       0
       1
       1
       0
       0
       1
       3
       0
       1
       1
       1
       2
       0
       0
       0
       1
       0
       2
       0
       1
       0
       0
       2
       0
       0
       1
       0
       0
$ROI:
0
$PRESETS:
None
0
0
$ENER_FIT:
0.000000 0.374432
$MCA_CAL:
3
0.000000E+000 3.744323E-001 0.000000E+000 keV
$SHAPE_CAL:
3
6.617742E+000 0.000000E+000 0.000000E+000
