110.000 0.326
120.000 2.634
130.000 2.094
140.000 2.031
150.000 2.016
160.000 2.191
170.000 2.395
180.000 2.481
190.000 2.181
200.000 2.618
210.000 2.569
220.000 2.884
230.000 3.356
240.000 3.477
250.000 4.058
260.000 4.419
270.000 5.414
280.000 6.707
290.000 7.660
300.000 9.650
310.000 10.536
320.000 13.507
330.000 14.024
340.000 14.061
350.000 12.721
360.000 13.190
370.000 12.645
380.000 12.446
390.000 12.830
400.000 12.921
410.000 13.247
420.000 14.051
430.000 15.185
440.000 15.571
450.000 16.280
460.000 16.293
470.000 16.087
480.000 15.351
490.000 14.940
500.000 13.917
510.000 14.758
520.000 13.943
530.000 14.201
540.000 14.043
550.000 14.913
560.000 15.692
570.000 17.920
580.000 21.772
590.000 23.958
600.000 27.395
610.000 26.921
620.000 20.470
630.000 14.121
640.000 11.666
650.000 8.874
660.000 7.647
670.000 9.326
680.000 5.575
690.000 4.595
700.000 4.125
710.000 3.864
720.000 3.442
730.000 3.149
740.000 3.100
750.000 2.934
760.000 2.850
770.000 2.772
780.000 2.719
790.000 2.736
800.000 2.756
810.000 2.844
820.000 3.134
830.000 3.382
840.000 3.635
850.000 4.306
860.000 4.803
870.000 6.341
880.000 8.051
890.000 8.390
900.000 6.101
910.000 4.817
920.000 3.260
930.000 2.330
940.000 2.021
950.000 1.588
960.000 1.467
970.000 1.199
980.000 1.123
990.000 0.980
1000.000 0.883
1010.000 0.851
1020.000 0.786
1030.000 0.782
1040.000 0.751
1050.000 0.822
1060.000 0.787
1070.000 0.798
1080.000 0.902
1090.000 0.946
1100.000 1.112
1110.000 1.226
1120.000 1.519
1130.000 1.772
1140.000 2.496
1150.000 3.704
1160.000 4.562
1170.000 6.165
1180.000 5.894
1190.000 3.900
1200.000 2.934
1210.000 1.911
1220.000 2.018
1230.000 2.028
1240.000 1.772
1250.000 1.696
1260.000 1.595
1270.000 1.569
1280.000 1.557
1290.000 1.555
1300.000 1.571
1310.000 1.615
1320.000 1.666
1330.000 1.738
1340.000 1.868
1350.000 2.025
1360.000 2.156
1370.000 2.457
1380.000 2.643
1390.000 3.150
1400.000 3.888
1410.000 4.400
1420.000 5.958
1430.000 7.120
1440.000 10.537
1450.000 14.347
1460.000 14.274
1470.000 9.466
1480.000 7.706
1490.000 5.752
1500.000 4.610
1510.000 4.227
1520.000 3.700
1530.000 3.482
1540.000 3.220
1550.000 3.017
1560.000 2.919
1570.000 2.838
1580.000 2.812
1590.000 2.760
1600.000 2.757
1610.000 2.763
1620.000 2.811
1630.000 2.831
1640.000 2.929
1650.000 3.173
1660.000 3.356
1670.000 4.017
1680.000 4.525
1690.000 6.089
1700.000 8.875
1710.000 10.963
1720.000 17.501
1730.000 21.781
1740.000 26.303
1750.000 17.915
1760.000 14.785
1770.000 11.223
1780.000 10.094
1790.000 8.599
1800.000 7.656
1810.000 7.308
1820.000 6.828
1830.000 6.660
1840.000 6.418
1850.000 6.290
1860.000 6.280
1870.000 6.318
1880.000 6.383
1890.000 6.583
1900.000 6.914
1910.000 7.125
1920.000 7.684
1930.000 8.043
1940.000 8.911
1950.000 10.094
1960.000 10.859
1970.000 12.919
1980.000 14.250
1990.000 17.779
2000.000 22.882
2010.000 25.990
2020.000 31.502
2030.000 32.323
2040.000 28.070
2050.000 21.686
2060.000 19.150
2070.000 15.502
2080.000 14.132
2090.000 12.143
2100.000 10.720
2110.000 10.175
2120.000 9.319
2130.000 8.981
2140.000 8.478
2150.000 8.267
2160.000 8.009
2170.000 7.882
2180.000 7.865
2190.000 7.928
2200.000 8.005
2210.000 8.279
2220.000 8.731
2230.000 9.036
2240.000 9.863
2250.000 10.417
2260.000 11.897
2270.000 14.067
2280.000 15.514
2290.000 19.504
2300.000 22.003
2310.000 27.428
2320.000 29.160
2330.000 27.028
2340.000 20.306
2350.000 17.514
2360.000 13.492
2370.000 10.963
2380.000 10.060
2390.000 8.673
2400.000 8.132
2410.000 7.329
2420.000 6.753
2430.000 6.544
2440.000 6.230
2450.000 6.119
2460.000 5.995
2470.000 5.987
2480.000 6.022
2490.000 6.190
2500.000 6.328
2510.000 6.714
2520.000 7.304
2530.000 7.699
2540.000 8.787
2550.000 9.525
2560.000 11.622
2570.000 15.144
2580.000 17.800
2590.000 25.781
2600.000 30.738
2610.000 33.592
2620.000 20.552
2630.000 16.405
2640.000 11.719
2650.000 10.269
2660.000 8.292
2670.000 7.028
2680.000 6.568
2690.000 5.860
2700.000 5.596
2710.000 5.187
2720.000 4.922
2730.000 4.820
2740.000 4.703
2750.000 4.685
2760.000 4.709
2770.000 4.821
2780.000 4.920
2790.000 5.199
2800.000 5.394
2810.000 5.909
2820.000 6.685
2830.000 7.200
2840.000 8.674
2850.000 9.697
2860.000 12.816
2870.000 18.288
2880.000 22.200
2890.000 28.888
2900.000 27.097
2910.000 16.162
2920.000 10.999
2930.000 9.491
2940.000 7.511
2950.000 6.831
2960.000 5.821
2970.000 5.163
2980.000 4.932
2990.000 4.552
3000.000 4.402
3010.000 4.198
3020.000 4.083
3030.000 4.056
3040.000 4.059
3050.000 4.096
3060.000 4.228
3070.000 4.448
3080.000 4.615
3090.000 5.018
3100.000 5.306
3110.000 6.082
3120.000 7.274
3130.000 8.117
3140.000 10.665
3150.000 12.615
3160.000 18.774
3170.000 26.485
3180.000 26.504
3190.000 15.374
3200.000 12.111
3210.000 8.562
3220.000 6.652
3230.000 6.025
3240.000 5.116
3250.000 4.767
3260.000 4.261
3270.000 3.916
3280.000 3.789
3290.000 3.599
3300.000 3.534
3310.000 3.466
3320.000 3.456
3330.000 3.475
3340.000 3.572
3350.000 3.654
3360.000 3.865
3370.000 4.017
3380.000 4.415
3390.000 4.999
3400.000 5.405
3410.000 6.522
3420.000 7.327
3430.000 9.760
3440.000 14.200
3450.000 17.548
3460.000 24.036
3470.000 22.849
3480.000 12.732
3490.000 8.544
3500.000 7.352
3510.000 5.803
3520.000 5.277
3530.000 4.513
3540.000 3.998
3550.000 3.804
3560.000 3.512
3570.000 3.411
3580.000 3.250
3590.000 3.171
3600.000 3.145
3610.000 3.150
3620.000 3.168
3630.000 3.264
3640.000 3.429
3650.000 3.542
3660.000 3.854
3670.000 4.064
3680.000 4.622
3690.000 5.481
3700.000 6.078
3710.000 7.861
3720.000 9.230
3730.000 13.524
3740.000 19.663
3750.000 20.940
3760.000 13.419
3770.000 10.283
3780.000 7.084
3790.000 5.432
3800.000 4.904
3810.000 4.119
3820.000 3.837
3830.000 3.408
3840.000 3.117
3850.000 3.009
3860.000 2.841
3870.000 2.789
3880.000 2.714
3890.000 2.695
3900.000 2.703
3910.000 2.757
3920.000 2.811
3930.000 2.958
3940.000 3.194
3950.000 3.348
3960.000 3.766
3970.000 4.042
3980.000 4.825
3990.000 6.112
4000.000 7.070
4010.000 10.182
4020.000 12.642
4030.000 18.870
4040.000 16.199
4050.000 11.143
4060.000 7.084
4070.000 6.024
4080.000 4.647
4090.000 3.844
4100.000 3.547
4110.000 3.115
4120.000 2.959
4130.000 2.718
4140.000 2.543
4150.000 2.488
4160.000 2.411
4170.000 2.385
4180.000 2.376
4190.000 2.410
4200.000 2.443
4210.000 2.535
4220.000 2.602
4230.000 2.783
4240.000 3.035
4250.000 3.200
4260.000 3.651
4270.000 3.980
4280.000 4.977
4290.000 6.809
4300.000 8.245
4310.000 12.240
4320.000 13.798
4330.000 10.391
4340.000 6.180
4350.000 5.164
4360.000 3.921
4370.000 3.514
4380.000 2.940
4390.000 2.567
4400.000 2.433
4410.000 2.220
4420.000 2.148
4430.000 2.028
4440.000 1.968
4450.000 1.947
4460.000 1.942
4470.000 1.953
4480.000 2.008
4490.000 2.107
4500.000 2.177
4510.000 2.366
4520.000 2.494
4530.000 2.848
4540.000 3.081
4550.000 3.715
4560.000 4.728
4570.000 5.489
4580.000 7.884
4590.000 9.793
4600.000 15.111
4610.000 15.981
4620.000 11.886
4630.000 7.275
4640.000 6.163
4650.000 4.793
4660.000 3.979
4670.000 3.681
4680.000 3.223
4690.000 3.040
4700.000 2.749
4710.000 2.511
4720.000 2.408
4730.000 2.238
4740.000 2.170
4750.000 2.055
4760.000 1.992
4770.000 1.981
4780.000 2.012
4790.000 2.060
4800.000 2.233
4810.000 2.540
4820.000 2.761
4830.000 3.394
4840.000 3.841
4850.000 5.179
4860.000 7.532
4870.000 9.374
4880.000 14.878
4890.000 17.896
4900.000 17.372
4910.000 11.313
4920.000 9.744
4930.000 7.881
4940.000 7.308
4950.000 6.542
4960.000 6.097
4970.000 5.967
4980.000 5.812
4990.000 5.780
5000.000 5.800
5010.000 5.926
5020.000 6.020
5030.000 6.283
5040.000 6.453
5050.000 6.869
5060.000 7.416
5070.000 7.746
5080.000 8.546
5090.000 9.037
5100.000 10.263
5110.000 11.995
5120.000 13.280
5130.000 16.558
5140.000 18.902
5150.000 26.219
5160.000 39.787
5170.000 49.503
5180.000 59.851
5190.000 47.728
5200.000 25.881
5210.000 17.975
5220.000 15.619
5230.000 12.430
5240.000 11.318
5250.000 9.677
5260.000 8.545
5270.000 8.118
5280.000 7.449
5290.000 7.199
5300.000 6.820
5310.000 6.584
5320.000 6.520
5330.000 6.465
5340.000 6.492
5350.000 6.627
5360.000 6.903
5370.000 7.112
5380.000 7.684
5390.000 8.065
5400.000 9.124
5410.000 10.760
5420.000 11.942
5430.000 15.378
5440.000 17.957
5450.000 25.937
5460.000 36.850
5470.000 38.733
5480.000 25.105
5490.000 19.490
5500.000 13.526
5510.000 10.348
5520.000 9.326
5530.000 7.840
5540.000 7.284
5550.000 6.460
5560.000 5.924
5570.000 5.719
5580.000 5.399
5590.000 5.296
5600.000 5.162
5610.000 5.115
5620.000 5.133
5630.000 5.251
5640.000 5.336
5650.000 5.642
5660.000 6.090
5670.000 6.397
5680.000 7.209
5690.000 7.745
5700.000 9.297
5710.000 11.738
5720.000 13.877
5730.000 19.771
5740.000 23.866
5750.000 30.083
5760.000 27.622
5770.000 16.601
5780.000 11.395
5790.000 9.852
5800.000 7.803
5810.000 7.105
5820.000 6.076
5830.000 5.374
5840.000 5.108
5850.000 4.710
5860.000 4.562
5870.000 4.341
5880.000 4.213
5890.000 4.184
5900.000 4.179
5910.000 4.208
5920.000 4.319
5930.000 4.529
5940.000 4.673
5950.000 5.073
5960.000 5.334
5970.000 6.048
5980.000 7.122
5990.000 7.874
6000.000 10.069
6010.000 11.727
6020.000 16.991
6030.000 25.357
6040.000 28.597
6050.000 21.226
6060.000 15.674
6070.000 10.509
6080.000 7.956
6090.000 7.131
6100.000 5.958
6110.000 5.539
6120.000 4.909
6130.000 4.480
6140.000 4.318
6150.000 4.079
6160.000 4.000
6170.000 3.899
6180.000 3.871
6190.000 3.881
6200.000 3.960
6210.000 4.034
6220.000 4.242
6230.000 4.565
6240.000 4.779
6250.000 5.350
6260.000 5.732
6270.000 6.781
6280.000 8.442
6290.000 9.622
6300.000 13.218
6310.000 16.217
6320.000 22.235
6330.000 23.076
6340.000 15.925
6350.000 10.437
6360.000 8.903
6370.000 6.910
6380.000 6.249
6390.000 5.286
6400.000 4.648
6410.000 4.406
6420.000 4.044
6430.000 3.909
6440.000 3.706
6450.000 3.595
6460.000 3.558
6470.000 3.546
6480.000 3.565
6490.000 3.650
6500.000 3.818
6510.000 3.935
6520.000 4.247
6530.000 4.454
6540.000 5.013
6550.000 5.847
6560.000 6.423
6570.000 8.093
6580.000 9.326
6590.000 13.195
6600.000 19.740
6610.000 23.153
6620.000 20.767
6630.000 15.281
6640.000 9.809
6650.000 7.297
6660.000 6.494
6670.000 5.373
6680.000 4.976
6690.000 4.383
6700.000 3.982
6710.000 3.829
6720.000 3.605
6730.000 3.531
6740.000 3.425
6750.000 3.393
6760.000 3.399
6770.000 3.461
6780.000 3.516
6790.000 3.683
6800.000 3.949
6810.000 4.118
6820.000 4.590
6830.000 4.899
6840.000 5.742
6850.000 7.047
6860.000 7.976
6870.000 10.741
6880.000 12.757
6890.000 17.800
6900.000 18.790
6910.000 15.579
6920.000 10.109
6930.000 8.549
6940.000 6.569
6950.000 5.382
6960.000 4.964
6970.000 4.340
6980.000 4.109
6990.000 3.760
7000.000 3.523
7010.000 3.438
7020.000 3.321
7030.000 3.283
7040.000 3.269
7050.000 3.305
7060.000 3.350
7070.000 3.483
7080.000 3.585
7090.000 3.851
7100.000 4.252
7110.000 4.509
7120.000 5.219
7130.000 5.696
7140.000 7.065
7150.000 9.347
7160.000 11.075
7170.000 16.234
7180.000 19.334
7190.000 20.367
7200.000 12.318
7210.000 9.992
7220.000 7.260
7230.000 6.417
7240.000 5.246
7250.000 4.497
7260.000 4.232
7270.000 3.818
7280.000 3.661
7290.000 3.428
7300.000 3.285
7310.000 3.236
7320.000 3.189
7330.000 3.184
7340.000 3.221
7350.000 3.324
7360.000 3.398
7370.000 3.613
7380.000 3.753
7390.000 4.134
7400.000 4.691
7410.000 5.063
7420.000 6.093
7430.000 6.814
7440.000 8.948
7450.000 12.577
7460.000 15.095
7470.000 19.456
7480.000 18.719
7490.000 12.030
7500.000 9.607
7510.000 7.086
7520.000 5.656
7530.000 5.160
7540.000 4.444
7550.000 4.185
7560.000 3.780
7570.000 3.511
7580.000 3.411
7590.000 3.268
7600.000 3.226
7610.000 3.185
7620.000 3.202
7630.000 3.235
7640.000 3.349
7650.000 3.433
7660.000 3.664
7670.000 4.015
7680.000 4.242
7690.000 4.864
7700.000 5.280
7710.000 6.446
7720.000 8.364
7730.000 9.778
7740.000 13.931
7750.000 16.525
7760.000 18.942
7770.000 12.775
7780.000 10.243
7790.000 7.339
7800.000 6.443
7810.000 5.218
7820.000 4.442
7830.000 4.158
7840.000 3.733
7850.000 3.569
7860.000 3.329
7870.000 3.173
7880.000 3.115
7890.000 3.052
7900.000 3.044
7910.000 3.065
7920.000 3.132
7930.000 3.185
7940.000 3.417
7950.000 3.551
7960.000 3.903
7970.000 4.391
7980.000 4.681
7990.000 5.483
8000.000 6.090
8010.000 7.800
8020.000 10.666
8030.000 12.816
8040.000 17.696
8050.000 18.530
8060.000 13.274
8070.000 9.034
8080.000 7.659
8090.000 5.835
8100.000 5.277
8110.000 4.485
8120.000 3.980
8130.000 3.781
8140.000 3.476
8150.000 3.368
8160.000 3.207
8170.000 3.142
8180.000 3.150
8190.000 3.171
8200.000 3.180
8210.000 3.262
8220.000 3.423
8230.000 3.539
8240.000 3.830
8250.000 3.986
8260.000 4.356
8270.000 5.118
8280.000 5.647
8290.000 7.142
8300.000 8.196
8310.000 11.286
8320.000 15.228
8330.000 16.192
8340.000 13.441
8350.000 11.760
8360.000 8.404
8370.000 6.336
8380.000 5.676
8390.000 4.738
8400.000 4.400
8410.000 3.898
8420.000 3.547
8430.000 3.398
8440.000 3.156
8450.000 3.091
8460.000 3.025
8470.000 3.007
8480.000 3.015
8490.000 3.076
8500.000 3.126
8510.000 3.275
8520.000 3.507
8530.000 3.660
8540.000 4.095
8550.000 4.386
8560.000 5.146
8570.000 6.324
8580.000 7.162
8590.000 9.633
8600.000 11.487
8610.000 16.398
8620.000 18.271
8630.000 15.412
8640.000 9.693
8650.000 8.179
8660.000 6.225
8670.000 5.051
8680.000 4.641
8690.000 4.006
8700.000 3.783
8710.000 3.460
8720.000 3.337
8730.000 3.154
8740.000 3.043
8750.000 3.012
8760.000 2.977
8770.000 2.983
8780.000 3.044
8790.000 3.163
8800.000 3.249
8810.000 3.483
8820.000 3.641
8830.000 4.049
8840.000 4.655
8850.000 5.062
8860.000 6.193
8870.000 6.982
8880.000 9.261
8890.000 12.691
8900.000 14.583
8910.000 15.355
8920.000 13.161
8930.000 8.814
8940.000 6.509
8950.000 5.768
8960.000 4.727
8970.000 4.374
8980.000 3.820
8990.000 3.435
9000.000 3.294
9010.000 3.073
9020.000 2.999
9030.000 2.915
9040.000 2.879
9050.000 2.878
9060.000 2.909
9070.000 2.948
9080.000 3.070
9090.000 3.268
9100.000 3.394
9110.000 3.750
9120.000 3.981
9130.000 4.613
9140.000 5.564
9150.000 6.225
9160.000 8.041
9170.000 9.319
9180.000 13.068
9190.000 16.096
9200.000 15.042
9210.000 9.796
9220.000 8.096
9230.000 6.007
9240.000 4.808
9250.000 4.395
9260.000 3.788
9270.000 3.564
9280.000 3.207
9290.000 2.979
9300.000 2.892
9310.000 2.748
9320.000 2.704
9330.000 2.669
9340.000 2.683
9350.000 2.712
9360.000 2.800
9370.000 2.871
9380.000 3.053
9390.000 3.331
9400.000 3.513
9410.000 4.000
9420.000 4.325
9430.000 5.218
9440.000 6.604
9450.000 7.579
9460.000 10.220
9470.000 11.799
9480.000 14.022
9490.000 11.161
9500.000 9.096
9510.000 6.488
9520.000 5.674
9530.000 4.556
9540.000 3.851
9550.000 3.592
9560.000 3.207
9570.000 3.059
9580.000 2.827
9590.000 2.669
9600.000 2.612
9610.000 2.566
9620.000 2.590
9630.000 2.716
9640.000 2.788
9650.000 2.828
9660.000 2.963
9670.000 3.063
9680.000 3.334
9690.000 3.729
9700.000 3.996
9710.000 4.719
9720.000 5.229
9730.000 6.682
9740.000 9.013
9750.000 10.524
9760.000 12.936
9770.000 12.497
9780.000 8.761
9790.000 6.706
9800.000 5.978
9810.000 4.730
9820.000 4.276
9830.000 3.617
9840.000 3.180
9850.000 3.012
9860.000 2.764
9870.000 2.670
9880.000 2.528
9890.000 2.483
9900.000 2.428
9910.000 2.418
9920.000 2.430
9930.000 2.489
9940.000 2.536
9950.000 2.680
9960.000 2.895
9970.000 3.043
9980.000 3.415
9990.000 3.665
10000.000 4.346
10010.000 5.405
10020.000 6.157
10030.000 8.340
10040.000 9.806
10050.000 12.547
10060.000 11.263
10070.000 9.235
10080.000 6.396
10090.000 5.520
10100.000 4.356
10110.000 3.642
10120.000 3.378
10130.000 2.982
10140.000 2.832
10150.000 2.608
10160.000 2.466
10170.000 2.415
10180.000 2.347
10190.000 2.331
10200.000 2.332
10210.000 2.375
10220.000 2.414
10230.000 2.528
10240.000 2.611
10250.000 2.831
10260.000 3.151
10270.000 3.366
10280.000 3.937
10290.000 4.330
10300.000 5.417
10310.000 7.125
10320.000 8.260
10330.000 10.479
10340.000 10.771
10350.000 8.467
10360.000 5.946
10370.000 5.127
10380.000 4.022
10390.000 3.642
10400.000 3.088
10410.000 2.720
10420.000 2.582
10430.000 2.368
10440.000 2.290
10450.000 2.179
10460.000 2.115
10470.000 2.094
10480.000 2.082
10490.000 2.074
10500.000 2.030
10510.000 2.090
10520.000 2.165
10530.000 2.371
10540.000 2.495
10550.000 2.809
10560.000 3.256
10570.000 3.545
10580.000 4.348
10590.000 4.904
10600.000 6.505
10610.000 8.926
10620.000 10.219
10630.000 10.708
10640.000 9.247
10650.000 6.279
10660.000 4.628
10670.000 4.097
10680.000 3.364
10690.000 3.129
10700.000 2.797
10710.000 2.528
10720.000 2.426
10730.000 2.262
10740.000 2.205
10750.000 2.123
10760.000 2.081
10770.000 2.077
10780.000 2.096
10790.000 2.117
10800.000 2.199
10810.000 2.329
10820.000 2.418
10830.000 2.656
10840.000 2.812
10850.000 3.232
10860.000 3.854
10870.000 4.277
10880.000 5.422
10890.000 6.153
10900.000 8.093
10910.000 9.591
10920.000 9.199
10930.000 6.670
10940.000 5.621
10950.000 4.230
10960.000 3.405
10970.000 3.116
10980.000 2.689
10990.000 2.525
11000.000 2.288
11010.000 2.129
11020.000 2.063
11030.000 1.974
11040.000 1.947
11050.000 1.921
11060.000 1.926
11070.000 1.943
11080.000 1.995
11090.000 2.033
11100.000 2.159
11110.000 2.252
11120.000 2.498
11130.000 2.836
11140.000 3.076
11150.000 3.712
11160.000 4.158
11170.000 5.427
11180.000 7.358
11190.000 8.456
11200.000 9.392
11210.000 8.487
11220.000 5.874
11230.000 4.314
11240.000 3.805
11250.000 3.113
11260.000 2.861
11270.000 2.489
11280.000 2.217
11290.000 2.107
11300.000 1.946
11310.000 1.895
11320.000 1.828
11330.000 1.790
11340.000 1.786
11350.000 1.799
11360.000 1.818
11370.000 1.880
11380.000 1.985
11390.000 2.052
11400.000 2.241
11410.000 2.365
11420.000 2.689
11430.000 3.171
11440.000 3.505
11450.000 4.424
11460.000 5.048
11470.000 6.647
11480.000 7.853
11490.000 7.669
11500.000 6.104
11510.000 5.320
11520.000 4.024
11530.000 3.188
11540.000 2.900
11550.000 2.475
11560.000 2.313
11570.000 2.075
11580.000 1.914
11590.000 1.850
11600.000 1.763
11610.000 1.733
11620.000 1.698
11630.000 1.700
11640.000 1.707
11650.000 1.751
11660.000 1.792
11670.000 1.901
11680.000 2.057
11690.000 2.160
11700.000 2.423
11710.000 2.593
11720.000 3.067
11730.000 3.804
11740.000 4.305
11750.000 5.686
11760.000 6.524
11770.000 7.723
11780.000 6.652
11790.000 5.627
11800.000 4.110
11810.000 3.610
11820.000 2.909
11830.000 2.461
11840.000 2.296
11850.000 2.048
11860.000 1.957
11870.000 1.817
11880.000 1.723
11890.000 1.688
11900.000 1.648
11910.000 1.638
11920.000 1.634
11930.000 1.662
11940.000 1.687
11950.000 1.773
11960.000 1.830
11970.000 1.986
11980.000 2.203
11990.000 2.348
12000.000 2.735
