110.000 5.824
120.000 3.915
130.000 2.906
140.000 2.663
150.000 2.510
160.000 2.621
170.000 2.816
180.000 2.959
190.000 3.038
200.000 3.371
210.000 3.254
220.000 3.364
230.000 3.862
240.000 3.899
250.000 4.478
260.000 5.117
270.000 5.522
280.000 6.480
290.000 7.279
300.000 9.507
310.000 10.868
320.000 14.242
330.000 21.262
340.000 25.614
350.000 39.912
360.000 51.368
370.000 71.254
380.000 55.252
390.000 46.893
400.000 37.790
410.000 34.971
420.000 32.156
430.000 30.688
440.000 30.264
450.000 28.645
460.000 27.366
470.000 25.054
480.000 21.828
490.000 20.262
500.000 17.430
510.000 16.160
520.000 14.081
530.000 12.476
540.000 11.691
550.000 10.533
560.000 10.182
570.000 9.477
580.000 8.899
590.000 8.757
600.000 8.556
610.000 8.449
620.000 8.472
630.000 8.773
640.000 8.860
650.000 9.507
660.000 9.891
670.000 11.179
680.000 13.188
690.000 14.924
700.000 20.112
710.000 24.577
720.000 38.613
730.000 40.646
740.000 25.005
750.000 12.982
760.000 10.516
770.000 7.409
780.000 5.583
790.000 5.015
800.000 4.056
810.000 3.709
820.000 3.112
830.000 2.696
840.000 2.535
850.000 2.259
860.000 2.127
870.000 1.910
880.000 1.766
890.000 1.711
900.000 1.588
910.000 1.543
920.000 1.454
930.000 1.418
940.000 1.396
950.000 1.379
960.000 1.378
970.000 1.395
980.000 1.433
990.000 1.475
1000.000 1.588
1010.000 1.672
1020.000 1.891
1030.000 2.345
1040.000 2.614
1050.000 3.595
1060.000 4.350
1070.000 7.009
1080.000 8.476
1090.000 6.374
1100.000 3.462
1110.000 2.899
1120.000 2.234
1130.000 1.857
1140.000 1.728
1150.000 1.542
1160.000 1.483
1170.000 1.424
1180.000 1.340
1190.000 1.314
1200.000 1.326
1210.000 1.338
1220.000 1.325
1230.000 1.317
1240.000 1.346
1250.000 1.449
1260.000 1.442
1270.000 1.555
1280.000 1.655
1290.000 1.723
1300.000 1.881
1310.000 1.967
1320.000 2.211
1330.000 2.505
1340.000 2.703
1350.000 3.184
1360.000 3.503
1370.000 4.345
1380.000 5.719
1390.000 6.745
1400.000 10.018
1410.000 12.621
1420.000 19.354
1430.000 17.548
1440.000 12.352
1450.000 7.979
1460.000 6.844
1470.000 5.332
1480.000 4.855
1490.000 4.150
1500.000 3.699
1510.000 3.519
1520.000 3.241
1530.000 3.124
1540.000 2.953
1550.000 2.830
1560.000 2.783
1570.000 2.693
1580.000 2.666
1590.000 2.627
1600.000 2.583
1610.000 2.587
1620.000 2.572
1630.000 2.547
1640.000 2.580
1650.000 2.670
1660.000 2.753
1670.000 3.070
1680.000 3.350
1690.000 4.161
1700.000 5.428
1710.000 6.323
1720.000 8.665
1730.000 10.227
1740.000 15.002
1750.000 22.571
1760.000 26.844
1770.000 29.432
1780.000 25.177
1790.000 17.074
1800.000 12.905
1810.000 11.570
1820.000 9.689
1830.000 8.998
1840.000 8.002
1850.000 7.308
1860.000 7.037
1870.000 6.627
1880.000 6.472
1890.000 6.262
1900.000 6.127
1910.000 6.106
1920.000 6.099
1930.000 6.134
1940.000 6.242
1950.000 6.433
1960.000 6.558
1970.000 6.902
1980.000 7.129
1990.000 7.654
2000.000 8.368
2010.000 8.825
2020.000 9.993
2030.000 10.693
2040.000 12.617
2050.000 15.371
2060.000 17.457
2070.000 22.318
2080.000 25.121
2090.000 29.104
2100.000 28.594
2110.000 22.646
2120.000 16.763
2130.000 14.642
2140.000 11.574
2150.000 10.491
2160.000 8.815
2170.000 7.633
2180.000 7.169
2190.000 6.429
2200.000 5.877
2210.000 5.663
2220.000 5.314
2230.000 5.180
2240.000 4.982
2250.000 4.881
2260.000 4.856
2270.000 4.890
2280.000 4.943
2290.000 5.143
2300.000 5.503
2310.000 5.774
2320.000 6.536
2330.000 7.100
2340.000 8.863
2350.000 12.036
2360.000 14.376
2370.000 18.531
2380.000 17.220
2390.000 8.996
2400.000 5.580
2410.000 4.623
2420.000 3.366
2430.000 2.930
2440.000 2.296
2450.000 1.860
2460.000 1.697
2470.000 1.422
2480.000 1.312
2490.000 1.130
2500.000 0.988
2510.000 0.926
2520.000 0.823
2530.000 0.782
2540.000 0.695
2550.000 0.628
2560.000 0.601
2570.000 0.549
2580.000 0.524
2590.000 0.481
2600.000 0.444
2610.000 0.431
2620.000 0.398
2630.000 0.389
2640.000 0.362
2650.000 0.343
2660.000 0.333
2670.000 0.313
2680.000 0.311
2690.000 0.294
2700.000 0.290
2710.000 0.281
2720.000 0.271
2730.000 0.267
2740.000 0.259
2750.000 0.255
2760.000 0.247
2770.000 0.242
2780.000 0.243
2790.000 0.237
2800.000 0.243
2810.000 0.230
2820.000 0.228
2830.000 0.232
2840.000 0.225
2850.000 0.227
2860.000 0.226
2870.000 0.229
2880.000 0.231
2890.000 0.230
2900.000 0.231
2910.000 0.234
2920.000 0.242
2930.000 0.240
2940.000 0.246
2950.000 0.252
2960.000 0.261
2970.000 0.265
2980.000 0.270
2990.000 0.282
3000.000 0.294
3010.000 0.304
3020.000 0.324
3030.000 0.331
3040.000 0.351
3050.000 0.360
3060.000 0.389
3070.000 0.413
3080.000 0.425
3090.000 0.462
3100.000 0.481
3110.000 0.526
3120.000 0.570
3130.000 0.601
3140.000 0.665
3150.000 0.701
3160.000 0.781
3170.000 0.879
3180.000 0.941
3190.000 1.066
3200.000 1.147
3210.000 1.339
3220.000 1.576
3230.000 1.725
3240.000 2.083
3250.000 2.337
3260.000 2.928
3270.000 3.309
3280.000 4.353
3290.000 6.002
3300.000 7.211
3310.000 10.995
3320.000 13.991
3330.000 23.132
3340.000 30.449
3350.000 27.301
3360.000 18.628
3370.000 16.537
3380.000 14.292
3390.000 13.475
3400.000 13.416
3410.000 13.922
3420.000 14.495
3430.000 16.418
3440.000 19.861
3450.000 22.432
3460.000 30.014
3470.000 34.832
3480.000 40.884
3490.000 31.203
3500.000 25.044
3510.000 17.591
3520.000 15.299
3530.000 12.197
3540.000 10.250
3550.000 9.554
3560.000 8.512
3570.000 8.128
3580.000 7.556
3590.000 7.191
3600.000 7.069
3610.000 6.952
3620.000 6.943
3630.000 7.037
3640.000 7.283
3650.000 7.479
3660.000 8.044
3670.000 8.423
3680.000 9.459
3690.000 11.049
3700.000 12.157
3710.000 15.407
3720.000 17.803
3730.000 25.023
3740.000 34.760
3750.000 37.064
3760.000 26.629
3770.000 20.655
3780.000 14.172
3790.000 10.791
3800.000 9.658
3810.000 8.042
3820.000 7.441
3830.000 6.542
3840.000 5.875
3850.000 5.639
3860.000 5.272
3870.000 5.127
3880.000 4.931
3890.000 4.815
3900.000 4.791
3910.000 4.799
3920.000 4.838
3930.000 4.975
3940.000 5.220
3950.000 5.384
3960.000 5.830
3970.000 6.128
3980.000 6.929
3990.000 8.121
4000.000 8.950
4010.000 11.331
4020.000 13.060
4030.000 18.036
4040.000 23.805
4050.000 24.466
4060.000 17.521
4070.000 14.008
4080.000 9.854
4090.000 7.575
4100.000 6.797
4110.000 5.672
4120.000 5.257
4130.000 4.620
4140.000 4.165
4150.000 3.986
4160.000 3.710
4170.000 3.602
4180.000 3.443
4190.000 3.344
4200.000 3.307
4210.000 3.278
4220.000 3.275
4230.000 3.300
4240.000 3.362
4250.000 3.407
4260.000 3.556
4270.000 3.657
4280.000 3.988
4290.000 4.540
4300.000 4.929
4310.000 6.055
4320.000 6.869
4330.000 9.312
4340.000 13.218
4350.000 15.319
4360.000 15.251
4370.000 12.234
4380.000 7.829
4390.000 5.717
4400.000 5.048
4410.000 4.101
4420.000 3.767
4430.000 3.270
4440.000 3.065
4450.000 2.784
4460.000 2.585
4470.000 2.509
4480.000 2.413
4490.000 2.378
4500.000 2.343
4510.000 2.351
4520.000 2.375
4530.000 2.451
4540.000 2.512
4550.000 2.681
4560.000 2.923
4570.000 3.085
4580.000 3.513
4590.000 3.798
4600.000 4.579
4610.000 5.796
4620.000 6.663
4630.000 9.137
4640.000 10.739
4650.000 13.298
4660.000 11.090
4670.000 9.015
4680.000 6.257
4690.000 5.365
4700.000 4.134
4710.000 3.333
4720.000 3.025
4730.000 2.557
4740.000 2.370
4750.000 2.074
4760.000 1.872
4770.000 1.805
4780.000 1.714
4790.000 1.697
4800.000 1.706
4810.000 1.794
4820.000 1.862
4830.000 2.082
4840.000 2.226
4850.000 2.641
4860.000 3.264
4870.000 3.713
4880.000 5.003
4890.000 5.956
4900.000 8.761
4910.000 12.154
4920.000 12.698
4930.000 9.559
4940.000 7.938
4950.000 6.036
4960.000 4.996
4970.000 4.649
4980.000 4.176
4990.000 4.016
5000.000 3.810
5010.000 3.723
5020.000 3.718
5030.000 3.790
5040.000 3.873
5050.000 4.138
5060.000 4.579
5070.000 4.899
5080.000 5.842
5090.000 6.511
5100.000 8.153
5110.000 8.931
5120.000 8.058
5130.000 5.006
5140.000 3.952
5150.000 2.632
5160.000 1.876
5170.000 1.612
5180.000 1.226
5190.000 1.080
5200.000 0.855
5210.000 0.692
5220.000 0.628
5230.000 0.517
5240.000 0.473
5250.000 0.403
5260.000 0.344
5270.000 0.319
5280.000 0.272
5290.000 0.249
5300.000 0.208
5310.000 0.186
5320.000 0.172
5330.000 0.153
5340.000 0.141
5350.000 0.124
5360.000 0.105
5370.000 0.100
5380.000 0.084
5390.000 0.079
5400.000 0.067
5410.000 0.049
5420.000 0.050
5430.000 0.041
5440.000 0.035
5450.000 0.028
5460.000 0.025
5470.000 0.022
5480.000 0.021
5490.000 0.014
5500.000 0.014
5510.000 0.010
5520.000 0.010
5530.000 0.010
5540.000 0.007
5550.000 0.006
5560.000 0.008
5570.000 0.011
5580.000 0.012
5590.000 0.013
5600.000 0.018
5610.000 0.015
5620.000 0.020
5630.000 0.019
5640.000 0.017
5650.000 0.019
5660.000 0.022
5670.000 0.020
5680.000 0.017
5690.000 0.017
5700.000 0.016
5710.000 0.014
5720.000 0.009
5730.000 0.008
5740.000 0.009
5750.000 0.005
5760.000 0.005
5770.000 0.008
5780.000 0.006
5790.000 0.012
5800.000 0.010
5810.000 0.012
5820.000 0.013
5830.000 0.013
5840.000 0.016
5850.000 0.019
5860.000 0.012
5870.000 0.015
5880.000 0.017
5890.000 0.016
5900.000 0.015
5910.000 0.017
5920.000 0.020
5930.000 0.022
5940.000 0.021
5950.000 0.020
5960.000 0.026
5970.000 0.023
5980.000 0.027
5990.000 0.026
6000.000 0.027
6010.000 0.025
6020.000 0.026
6030.000 0.029
6040.000 0.029
6050.000 0.028
6060.000 0.024
6070.000 0.027
6080.000 0.029
6090.000 0.024
6100.000 0.029
6110.000 0.025
6120.000 0.029
6130.000 0.026
6140.000 0.033
6150.000 0.030
6160.000 0.033
6170.000 0.033
6180.000 0.031
6190.000 0.030
6200.000 0.034
6210.000 0.032
6220.000 0.034
6230.000 0.036
6240.000 0.037
6250.000 0.042
6260.000 0.043
6270.000 0.045
6280.000 0.052
6290.000 0.058
6300.000 0.064
6310.000 0.065
6320.000 0.076
6330.000 0.083
6340.000 0.085
6350.000 0.086
6360.000 0.092
6370.000 0.100
6380.000 0.110
6390.000 0.118
6400.000 0.129
6410.000 0.141
6420.000 0.159
6430.000 0.184
6440.000 0.197
6450.000 0.229
6460.000 0.248
6470.000 0.296
6480.000 0.353
6490.000 0.387
6500.000 0.473
6510.000 0.527
6520.000 0.654
6530.000 0.823
6540.000 0.930
6550.000 1.211
6560.000 1.393
6570.000 1.884
6580.000 2.652
6590.000 3.198
6600.000 4.864
6610.000 6.154
6620.000 10.223
6630.000 16.293
6640.000 18.639
6650.000 17.306
6660.000 15.724
6670.000 14.325
6680.000 14.598
6690.000 15.291
6700.000 17.998
6710.000 20.232
6720.000 27.467
6730.000 38.402
6740.000 42.466
6750.000 34.763
6760.000 27.319
6770.000 19.092
6780.000 15.035
6790.000 13.765
6800.000 12.091
6810.000 11.556
6820.000 10.895
6830.000 10.771
6840.000 10.810
6850.000 11.273
6860.000 11.676
6870.000 12.905
6880.000 13.781
6890.000 16.299
6900.000 20.311
6910.000 23.066
6920.000 29.819
6930.000 32.821
6940.000 32.443
6950.000 24.145
6960.000 20.582
6970.000 15.765
6980.000 14.144
6990.000 11.864
7000.000 10.403
7010.000 9.871
7020.000 9.103
7030.000 8.838
7040.000 8.512
7050.000 8.405
7060.000 8.431
7070.000 8.654
7080.000 8.862
7090.000 9.480
7100.000 10.480
7110.000 11.155
7120.000 13.081
7130.000 14.441
7140.000 18.366
7150.000 24.649
7160.000 28.661
7170.000 34.514
7180.000 32.938
7190.000 22.775
7200.000 16.048
7210.000 13.956
7220.000 11.120
7230.000 10.151
7240.000 8.716
7250.000 7.755
7260.000 7.401
7270.000 6.872
7280.000 6.684
7290.000 6.432
7300.000 6.333
7310.000 6.334
7320.000 6.441
7330.000 6.552
7340.000 6.899
7350.000 7.463
7360.000 7.839
7370.000 8.895
7380.000 9.601
7390.000 11.565
7400.000 14.562
7410.000 16.790
7420.000 21.184
7430.000 22.534
7440.000 20.300
7450.000 14.836
7460.000 12.755
7470.000 9.910
7480.000 8.916
7490.000 7.480
7500.000 6.526
7510.000 6.172
7520.000 5.644
7530.000 5.451
7540.000 5.179
7550.000 5.035
7560.000 5.005
7570.000 5.037
7580.000 5.094
7590.000 5.318
7600.000 5.710
7610.000 5.982
7620.000 6.742
7630.000 7.265
7640.000 8.715
7650.000 10.916
7660.000 12.342
7670.000 15.233
7680.000 15.914
7690.000 13.797
7700.000 10.021
7710.000 8.645
7720.000 6.724
7730.000 6.062
7740.000 5.098
7750.000 4.462
7760.000 4.237
7770.000 3.893
7780.000 3.776
7790.000 3.627
7800.000 3.584
7810.000 3.608
7820.000 3.732
7830.000 3.845
7840.000 4.191
7850.000 4.775
7860.000 5.183
7870.000 6.338
7880.000 7.093
7890.000 8.652
7900.000 8.724
7910.000 7.768
7920.000 5.531
7930.000 4.723
7940.000 3.629
7950.000 2.981
7960.000 2.753
7970.000 2.449
7980.000 2.354
7990.000 2.253
8000.000 2.202
8010.000 2.179
8020.000 2.065
8030.000 1.862
8040.000 1.723
8050.000 1.884
8060.000 1.917
8070.000 1.499
8080.000 1.214
8090.000 0.754
8100.000 0.614
8110.000 0.419
8120.000 0.318
8130.000 0.313
8140.000 0.327
8150.000 0.294
8160.000 0.227
8170.000 0.178
8180.000 0.156
8190.000 0.118
8200.000 0.112
8210.000 0.088
8220.000 0.075
8230.000 0.073
8240.000 0.057
8250.000 0.057
8260.000 0.048
8270.000 0.042
8280.000 0.041
8290.000 0.032
8300.000 0.030
8310.000 0.029
8320.000 0.024
8330.000 0.025
8340.000 0.022
8350.000 0.023
8360.000 0.020
8370.000 0.013
8380.000 0.016
8390.000 0.017
8400.000 0.014
8410.000 0.017
8420.000 0.018
8430.000 0.016
8440.000 0.017
8450.000 0.013
8460.000 0.015
8470.000 0.015
8480.000 0.013
8490.000 0.016
8500.000 0.014
8510.000 0.012
8520.000 0.012
8530.000 0.015
8540.000 0.014
8550.000 0.014
8560.000 0.013
8570.000 0.016
8580.000 0.013
8590.000 0.014
8600.000 0.016
8610.000 0.013
8620.000 0.016
8630.000 0.020
8640.000 0.016
8650.000 0.014
8660.000 0.013
8670.000 0.011
8680.000 0.017
8690.000 0.012
8700.000 0.015
8710.000 0.016
8720.000 0.013
8730.000 0.013
8740.000 0.013
8750.000 0.016
8760.000 0.013
8770.000 0.018
8780.000 0.018
8790.000 0.021
8800.000 0.023
8810.000 0.022
8820.000 0.014
8830.000 0.012
8840.000 0.017
8850.000 0.014
8860.000 0.021
8870.000 0.024
8880.000 0.025
8890.000 0.026
8900.000 0.030
8910.000 0.039
8920.000 0.039
8930.000 0.037
8940.000 0.029
8950.000 0.020
8960.000 0.015
8970.000 0.011
8980.000 0.009
8990.000 0.009
9000.000 0.010
9010.000 0.018
9020.000 0.020
9030.000 0.022
9040.000 0.022
9050.000 0.018
9060.000 0.022
9070.000 0.023
9080.000 0.023
9090.000 0.016
9100.000 0.015
9110.000 0.013
9120.000 0.008
9130.000 0.008
9140.000 0.006
9150.000 0.007
9160.000 0.011
9170.000 0.015
9180.000 0.017
9190.000 0.014
9200.000 0.014
9210.000 0.013
9220.000 0.014
9230.000 0.015
9240.000 0.012
9250.000 0.016
9260.000 0.013
9270.000 0.015
9280.000 0.017
9290.000 0.013
9300.000 0.014
9310.000 0.018
9320.000 0.014
9330.000 0.020
9340.000 0.018
9350.000 0.013
9360.000 0.013
9370.000 0.015
9380.000 0.016
9390.000 0.017
9400.000 0.019
9410.000 0.014
9420.000 0.017
9430.000 0.019
9440.000 0.019
9450.000 0.018
9460.000 0.020
9470.000 0.022
9480.000 0.020
9490.000 0.019
9500.000 0.021
9510.000 0.023
9520.000 0.024
9530.000 0.025
9540.000 0.029
9550.000 0.032
9560.000 0.032
9570.000 0.032
9580.000 0.035
9590.000 0.035
9600.000 0.038
9610.000 0.041
9620.000 0.045
9630.000 0.047
9640.000 0.052
9650.000 0.055
9660.000 0.064
9670.000 0.066
9680.000 0.076
9690.000 0.088
9700.000 0.091
9710.000 0.111
9720.000 0.118
9730.000 0.139
9740.000 0.165
9750.000 0.182
9760.000 0.222
9770.000 0.251
9780.000 0.311
9790.000 0.357
9800.000 0.461
9810.000 0.611
9820.000 0.712
9830.000 0.991
9840.000 1.197
9850.000 1.792
9860.000 2.850
9870.000 3.659
9880.000 5.977
9890.000 7.229
9900.000 8.027
9910.000 7.076
9920.000 6.823
9930.000 6.861
9940.000 7.128
9950.000 8.204
9960.000 10.238
9970.000 11.743
9980.000 15.681
9990.000 17.567
10000.000 17.750
10010.000 13.472
10020.000 11.766
10030.000 9.539
10040.000 8.848
10050.000 7.989
10060.000 7.629
10070.000 7.594
10080.000 7.785
10090.000 8.023
10100.000 8.813
10110.000 10.166
10120.000 11.120
10130.000 13.743
10140.000 15.448
10150.000 18.978
10160.000 19.698
10170.000 18.116
10180.000 13.833
10190.000 12.124
10200.000 9.730
10210.000 8.246
10220.000 7.731
10230.000 6.995
10240.000 6.759
10250.000 6.455
10260.000 6.358
10270.000 6.390
10280.000 6.592
10290.000 6.776
10300.000 7.352
10310.000 8.276
10320.000 8.921
10330.000 10.730
10340.000 11.968
10350.000 15.238
10360.000 18.792
10370.000 19.634
10380.000 17.009
10390.000 14.672
10400.000 11.009
10410.000 8.750
10420.000 7.969
10430.000 6.847
10440.000 6.441
10450.000 5.867
10460.000 5.518
10470.000 5.417
10480.000 5.337
10490.000 5.354
10500.000 5.506
10510.000 5.835
10520.000 6.079
10530.000 6.743
10540.000 7.185
10550.000 8.336
10560.000 9.865
10570.000 10.739
10580.000 12.621
10590.000 13.450
10600.000 13.678
10610.000 11.476
10620.000 10.172
10630.000 8.057
10640.000 7.298
10650.000 6.193
10660.000 5.422
10670.000 5.112
10680.000 4.648
10690.000 4.474
10700.000 4.266
10710.000 4.185
10720.000 4.196
10730.000 4.314
10740.000 4.418
10750.000 4.738
10760.000 5.241
10770.000 5.594
10780.000 6.541
10790.000 7.151
10800.000 8.598
10810.000 9.808
10820.000 9.989
10830.000 9.043
10840.000 8.084
10850.000 6.227
10860.000 4.968
10870.000 4.517
10880.000 3.866
10890.000 3.639
10900.000 3.338
10910.000 3.186
10920.000 3.149
10930.000 3.114
10940.000 3.126
10950.000 3.248
10960.000 3.501
10970.000 3.689
10980.000 4.228
10990.000 4.550
11000.000 5.184
11010.000 5.367
11020.000 5.052
11030.000 4.054
11040.000 3.586
11050.000 2.859
11060.000 2.583
11070.000 2.172
11080.000 1.911
11090.000 1.821
11100.000 1.728
11110.000 1.708
11120.000 1.728
11130.000 1.784
11140.000 1.789
11150.000 1.629
11160.000 1.432
11170.000 0.979
11180.000 0.651
11190.000 0.537
11200.000 0.380
11210.000 0.324
11220.000 0.241
11230.000 0.190
11240.000 0.165
11250.000 0.133
11260.000 0.122
11270.000 0.100
11280.000 0.085
11290.000 0.077
11300.000 0.065
11310.000 0.060
11320.000 0.053
11330.000 0.046
11340.000 0.043
11350.000 0.040
11360.000 0.037
11370.000 0.031
11380.000 0.031
11390.000 0.031
11400.000 0.030
11410.000 0.029
11420.000 0.026
11430.000 0.022
11440.000 0.024
11450.000 0.022
11460.000 0.023
11470.000 0.023
11480.000 0.021
11490.000 0.018
11500.000 0.018
11510.000 0.019
11520.000 0.018
11530.000 0.020
11540.000 0.020
11550.000 0.015
11560.000 0.017
11570.000 0.017
11580.000 0.017
11590.000 0.019
11600.000 0.016
11610.000 0.015
11620.000 0.016
11630.000 0.017
11640.000 0.017
11650.000 0.016
11660.000 0.017
11670.000 0.014
11680.000 0.014
11690.000 0.016
11700.000 0.015
11710.000 0.016
11720.000 0.014
11730.000 0.016
11740.000 0.014
11750.000 0.013
11760.000 0.015
11770.000 0.014
11780.000 0.013
11790.000 0.016
11800.000 0.015
11810.000 0.016
11820.000 0.015
11830.000 0.016
11840.000 0.014
11850.000 0.016
11860.000 0.015
11870.000 0.015
11880.000 0.015
11890.000 0.017
11900.000 0.017
11910.000 0.017
11920.000 0.017
11930.000 0.016
11940.000 0.015
11950.000 0.014
11960.000 0.015
11970.000 0.017
11980.000 0.014
11990.000 0.016
12000.000 0.017
