110.000 1.086
120.000 3.728
130.000 3.273
140.000 3.187
150.000 3.231
160.000 3.164
170.000 3.544
180.000 3.977
190.000 3.783
200.000 4.367
210.000 5.043
220.000 5.685
230.000 6.220
240.000 7.438
250.000 10.065
260.000 11.398
270.000 16.002
280.000 19.887
290.000 33.054
300.000 41.399
310.000 42.987
320.000 27.498
330.000 23.414
340.000 19.383
350.000 18.050
360.000 16.767
370.000 16.177
380.000 16.221
390.000 16.799
400.000 17.354
410.000 18.590
420.000 20.050
430.000 20.979
440.000 22.896
450.000 23.667
460.000 24.496
470.000 25.041
480.000 24.879
490.000 23.702
500.000 23.311
510.000 23.202
520.000 24.342
530.000 25.218
540.000 27.930
550.000 30.567
560.000 38.897
570.000 55.760
580.000 68.555
590.000 83.460
600.000 63.410
610.000 29.036
620.000 18.641
630.000 15.820
640.000 11.873
650.000 10.481
660.000 8.037
670.000 7.294
680.000 6.645
690.000 5.855
700.000 5.742
710.000 5.009
720.000 4.631
730.000 4.591
740.000 4.375
750.000 4.290
760.000 4.232
770.000 4.257
780.000 4.307
790.000 4.484
800.000 4.685
810.000 5.111
820.000 6.023
830.000 6.646
840.000 8.805
850.000 10.687
860.000 15.832
870.000 15.778
880.000 10.094
890.000 5.588
900.000 4.551
910.000 3.300
920.000 2.810
930.000 2.263
940.000 1.854
950.000 1.686
960.000 1.451
970.000 1.369
980.000 1.203
990.000 1.103
1000.000 1.074
1010.000 1.025
1020.000 1.015
1030.000 1.017
1040.000 1.041
1050.000 1.111
1060.000 1.235
1070.000 1.304
1080.000 1.570
1090.000 2.059
1100.000 2.425
1110.000 3.642
1120.000 4.558
1130.000 6.533
1140.000 4.850
1150.000 3.619
1160.000 2.546
1170.000 2.235
1180.000 1.849
1190.000 1.630
1200.000 1.552
1210.000 1.459
1220.000 1.421
1230.000 1.385
1240.000 1.397
1250.000 1.403
1260.000 1.455
1270.000 1.507
1280.000 1.605
1290.000 1.775
1300.000 1.910
1310.000 2.229
1320.000 2.447
1330.000 3.058
1340.000 4.117
1350.000 4.906
1360.000 7.397
1370.000 8.929
1380.000 9.616
1390.000 5.780
1400.000 4.722
1410.000 3.498
1420.000 3.126
1430.000 2.615
1440.000 2.325
1450.000 2.225
1460.000 2.077
1470.000 2.035
1480.000 2.013
1490.000 2.049
1500.000 2.101
1510.000 2.231
1520.000 2.355
1530.000 2.701
1540.000 3.264
1550.000 3.715
1560.000 5.046
1570.000 6.018
1580.000 7.735
1590.000 5.911
1600.000 4.382
1610.000 2.846
1620.000 2.415
1630.000 1.811
1640.000 1.494
1650.000 1.386
1660.000 1.284
1670.000 1.311
1680.000 1.368
1690.000 1.651
1700.000 1.862
1710.000 2.537
1720.000 2.988
1730.000 3.589
1740.000 2.439
1750.000 1.784
1760.000 1.113
1770.000 0.914
1780.000 0.654
1790.000 0.489
1800.000 0.432
1810.000 0.339
1820.000 0.307
1830.000 0.256
1840.000 0.205
1850.000 0.188
1860.000 0.161
1870.000 0.146
1880.000 0.126
1890.000 0.105
1900.000 0.100
1910.000 0.086
1920.000 0.083
1930.000 0.067
1940.000 0.060
1950.000 0.054
1960.000 0.048
1970.000 0.050
1980.000 0.040
1990.000 0.039
2000.000 0.032
2010.000 0.029
2020.000 0.025
2030.000 0.023
2040.000 0.021
2050.000 0.019
2060.000 0.018
2070.000 0.016
2080.000 0.014
2090.000 0.010
2100.000 0.012
2110.000 0.009
2120.000 0.013
2130.000 0.018
2140.000 0.014
2150.000 0.015
2160.000 0.016
2170.000 0.012
2180.000 0.017
2190.000 0.019
2200.000 0.014
2210.000 0.019
2220.000 0.019
2230.000 0.017
2240.000 0.013
2250.000 0.015
2260.000 0.014
2270.000 0.010
2280.000 0.013
2290.000 0.006
2300.000 0.009
2310.000 0.009
2320.000 0.007
2330.000 0.008
2340.000 0.010
2350.000 0.009
2360.000 0.009
2370.000 0.009
2380.000 0.008
2390.000 0.012
2400.000 0.007
2410.000 0.009
2420.000 0.005
2430.000 0.007
2440.000 0.007
2450.000 0.012
2460.000 0.006
2470.000 0.012
2480.000 0.011
2490.000 0.010
2500.000 0.006
2510.000 0.009
2520.000 0.008
2530.000 0.004
2540.000 0.006
2550.000 0.005
2560.000 0.010
2570.000 0.004
2580.000 0.005
2590.000 0.009
2600.000 0.007
2610.000 0.007
2620.000 0.007
2630.000 0.005
2640.000 0.007
2650.000 0.008
2660.000 0.006
2670.000 0.005
2680.000 0.007
2690.000 0.014
2700.000 0.006
2710.000 0.009
2720.000 0.008
2730.000 0.010
2740.000 0.006
2750.000 0.006
2760.000 0.005
2770.000 0.008
2780.000 0.010
2790.000 0.011
2800.000 0.007
2810.000 0.008
2820.000 0.006
2830.000 0.005
2840.000 0.006
2850.000 0.006
2860.000 0.006
2870.000 0.008
2880.000 0.008
2890.000 0.008
2900.000 0.004
2910.000 0.009
2920.000 0.008
2930.000 0.005
2940.000 0.005
2950.000 0.007
2960.000 0.006
2970.000 0.007
2980.000 0.007
2990.000 0.007
3000.000 0.007
3010.000 0.006
3020.000 0.009
3030.000 0.008
3040.000 0.005
3050.000 0.006
3060.000 0.007
3070.000 0.012
3080.000 0.013
3090.000 0.012
3100.000 0.015
3110.000 0.020
3120.000 0.020
3130.000 0.026
3140.000 0.027
3150.000 0.032
3160.000 0.042
3170.000 0.048
3180.000 0.053
3190.000 0.060
3200.000 0.072
3210.000 0.089
3220.000 0.095
3230.000 0.119
3240.000 0.129
3250.000 0.169
3260.000 0.186
3270.000 0.242
3280.000 0.309
3290.000 0.353
3300.000 0.465
3310.000 0.543
3320.000 0.747
3330.000 1.063
3340.000 1.297
3350.000 1.969
3360.000 2.472
3370.000 4.170
3380.000 7.778
3390.000 11.022
3400.000 22.573
3410.000 29.917
3420.000 32.402
3430.000 31.322
3440.000 33.836
3450.000 42.204
3460.000 45.247
3470.000 37.399
3480.000 25.156
3490.000 21.878
3500.000 18.278
3510.000 17.396
3520.000 16.874
3530.000 17.833
3540.000 18.926
3550.000 22.851
3560.000 26.017
3570.000 35.462
3580.000 44.441
3590.000 42.540
3600.000 27.504
3610.000 22.560
3620.000 16.906
3630.000 13.979
3640.000 13.071
3650.000 12.016
3660.000 11.777
3670.000 11.787
3680.000 12.483
3690.000 13.145
3700.000 15.277
3710.000 16.902
3720.000 21.789
3730.000 28.100
3740.000 29.915
3750.000 24.772
3760.000 20.123
3770.000 14.111
3780.000 10.935
3790.000 9.912
3800.000 8.524
3810.000 8.083
3820.000 7.541
3830.000 7.366
3840.000 7.407
3850.000 7.802
3860.000 8.163
3870.000 9.348
3880.000 11.501
3890.000 13.137
3900.000 17.876
3910.000 20.599
3920.000 21.640
3930.000 14.154
3940.000 11.507
3950.000 8.417
3960.000 7.476
3970.000 6.251
3980.000 5.564
3990.000 5.357
4000.000 5.178
4010.000 5.189
4020.000 5.428
4030.000 6.039
4040.000 6.530
4050.000 8.051
4060.000 9.117
4070.000 11.367
4080.000 10.989
4090.000 9.242
4100.000 6.236
4110.000 5.323
4120.000 4.182
4130.000 3.570
4140.000 3.386
4150.000 3.214
4160.000 3.215
4170.000 3.412
4180.000 3.938
4190.000 4.360
4200.000 5.466
4210.000 5.880
4220.000 4.924
4230.000 2.995
4240.000 2.448
4250.000 1.801
4260.000 1.617
4270.000 1.408
4280.000 1.360
4290.000 1.356
4300.000 1.214
4310.000 1.002
4320.000 0.525
4330.000 0.282
4340.000 0.217
4350.000 0.130
4360.000 0.103
4370.000 0.064
4380.000 0.044
4390.000 0.038
4400.000 0.026
4410.000 0.022
4420.000 0.011
4430.000 0.009
4440.000 0.014
4450.000 0.004
4460.000 0.007
4470.000 0.007
4480.000 0.005
4490.000 0.009
4500.000 0.010
4510.000 0.009
4520.000 0.008
4530.000 0.011
4540.000 0.008
4550.000 0.010
4560.000 0.010
4570.000 0.007
4580.000 0.010
4590.000 0.013
4600.000 0.011
4610.000 0.009
4620.000 0.012
4630.000 0.008
4640.000 0.010
4650.000 0.009
4660.000 0.009
4670.000 0.011
4680.000 0.010
4690.000 0.008
4700.000 0.011
4710.000 0.013
4720.000 0.010
4730.000 0.010
4740.000 0.010
4750.000 0.012
4760.000 0.011
4770.000 0.011
4780.000 0.007
4790.000 0.008
4800.000 0.016
4810.000 0.009
4820.000 0.009
4830.000 0.010
4840.000 0.012
4850.000 0.011
4860.000 0.015
4870.000 0.011
4880.000 0.013
4890.000 0.011
4900.000 0.010
4910.000 0.013
4920.000 0.011
4930.000 0.013
4940.000 0.011
4950.000 0.010
4960.000 0.014
4970.000 0.012
4980.000 0.016
4990.000 0.011
5000.000 0.014
5010.000 0.015
5020.000 0.016
5030.000 0.012
5040.000 0.011
5050.000 0.011
5060.000 0.013
5070.000 0.012
5080.000 0.010
5090.000 0.013
5100.000 0.011
5110.000 0.012
5120.000 0.010
5130.000 0.009
5140.000 0.009
5150.000 0.009
5160.000 0.009
5170.000 0.007
5180.000 0.008
5190.000 0.008
5200.000 0.007
5210.000 0.006
5220.000 0.011
5230.000 0.010
5240.000 0.011
5250.000 0.012
5260.000 0.011
5270.000 0.010
5280.000 0.016
5290.000 0.012
5300.000 0.016
5310.000 0.013
5320.000 0.016
5330.000 0.015
5340.000 0.010
5350.000 0.011
5360.000 0.012
5370.000 0.012
5380.000 0.013
5390.000 0.015
5400.000 0.017
5410.000 0.015
5420.000 0.015
5430.000 0.014
5440.000 0.019
5450.000 0.015
5460.000 0.017
5470.000 0.019
5480.000 0.016
5490.000 0.015
5500.000 0.018
5510.000 0.018
5520.000 0.017
5530.000 0.017
5540.000 0.017
5550.000 0.013
5560.000 0.014
5570.000 0.015
5580.000 0.015
5590.000 0.015
5600.000 0.013
5610.000 0.013
5620.000 0.011
5630.000 0.017
5640.000 0.011
5650.000 0.015
5660.000 0.015
5670.000 0.015
5680.000 0.012
5690.000 0.016
5700.000 0.011
5710.000 0.014
5720.000 0.015
5730.000 0.011
5740.000 0.011
5750.000 0.012
5760.000 0.011
5770.000 0.011
5780.000 0.013
5790.000 0.012
5800.000 0.011
5810.000 0.010
5820.000 0.012
5830.000 0.013
5840.000 0.011
5850.000 0.010
5860.000 0.009
5870.000 0.006
5880.000 0.006
5890.000 0.006
5900.000 0.004
5910.000 0.004
5920.000 0.003
5930.000 0.005
5940.000 0.009
5950.000 0.007
5960.000 0.013
5970.000 0.012
5980.000 0.012
5990.000 0.014
6000.000 0.016
6010.000 0.015
6020.000 0.021
6030.000 0.019
6040.000 0.022
6050.000 0.020
6060.000 0.020
6070.000 0.017
6080.000 0.019
6090.000 0.017
6100.000 0.018
6110.000 0.018
6120.000 0.018
6130.000 0.017
6140.000 0.011
6150.000 0.013
6160.000 0.014
6170.000 0.008
6180.000 0.010
6190.000 0.009
6200.000 0.008
6210.000 0.009
6220.000 0.007
6230.000 0.008
6240.000 0.009
6250.000 0.006
6260.000 0.011
6270.000 0.008
6280.000 0.011
6290.000 0.013
6300.000 0.013
6310.000 0.012
6320.000 0.017
6330.000 0.015
6340.000 0.013
6350.000 0.007
6360.000 0.014
6370.000 0.016
6380.000 0.011
6390.000 0.012
6400.000 0.015
6410.000 0.009
6420.000 0.013
6430.000 0.012
6440.000 0.010
6450.000 0.009
6460.000 0.012
6470.000 0.011
6480.000 0.011
6490.000 0.014
6500.000 0.013
6510.000 0.012
6520.000 0.012
6530.000 0.013
6540.000 0.009
6550.000 0.008
6560.000 0.014
6570.000 0.015
6580.000 0.014
6590.000 0.016
6600.000 0.022
6610.000 0.023
6620.000 0.027
6630.000 0.034
6640.000 0.042
6650.000 0.052
6660.000 0.072
6670.000 0.098
6680.000 0.123
6690.000 0.175
6700.000 0.216
6710.000 0.336
6720.000 0.546
6730.000 0.709
6740.000 1.253
6750.000 1.720
6760.000 3.459
6770.000 7.490
6780.000 10.990
6790.000 20.169
6800.000 24.068
6810.000 32.084
6820.000 40.420
6830.000 38.432
6840.000 28.084
6850.000 25.812
6860.000 25.120
6870.000 26.217
6880.000 30.802
6890.000 35.878
6900.000 36.062
6910.000 29.608
6920.000 25.961
6930.000 21.528
6940.000 20.034
6950.000 20.154
6960.000 22.125
6970.000 24.139
6980.000 30.622
6990.000 38.275
7000.000 38.773
7010.000 28.346
7020.000 23.222
7030.000 17.450
7040.000 14.790
7050.000 14.138
7060.000 13.808
7070.000 14.097
7080.000 15.657
7090.000 18.748
7100.000 20.786
7110.000 24.172
7120.000 23.939
7130.000 18.646
7140.000 13.856
7150.000 12.394
7160.000 10.694
7170.000 10.285
7180.000 10.198
7190.000 11.078
7200.000 11.937
7210.000 14.486
7220.000 15.873
7230.000 16.170
7240.000 11.758
7250.000 9.809
7260.000 7.509
7270.000 6.876
7280.000 6.268
7290.000 6.339
7300.000 6.588
7310.000 7.310
7320.000 7.487
7330.000 6.392
7340.000 4.383
7350.000 3.706
7360.000 2.902
7370.000 2.655
7380.000 2.187
7390.000 1.432
7400.000 1.026
7410.000 0.507
7420.000 0.351
7430.000 0.201
7440.000 0.155
7450.000 0.095
7460.000 0.059
7470.000 0.049
7480.000 0.032
7490.000 0.029
7500.000 0.019
7510.000 0.013
7520.000 0.015
7530.000 0.009
7540.000 0.007
7550.000 0.011
7560.000 0.008
7570.000 0.012
7580.000 0.010
7590.000 0.011
7600.000 0.008
7610.000 0.009
7620.000 0.011
7630.000 0.011
7640.000 0.009
7650.000 0.008
7660.000 0.012
7670.000 0.009
7680.000 0.008
7690.000 0.010
7700.000 0.012
7710.000 0.014
7720.000 0.011
7730.000 0.010
7740.000 0.010
7750.000 0.013
7760.000 0.012
7770.000 0.008
7780.000 0.008
7790.000 0.010
7800.000 0.010
7810.000 0.009
7820.000 0.011
7830.000 0.011
7840.000 0.011
7850.000 0.011
7860.000 0.014
7870.000 0.015
7880.000 0.012
7890.000 0.012
7900.000 0.012
7910.000 0.009
7920.000 0.013
7930.000 0.014
7940.000 0.011
7950.000 0.011
7960.000 0.013
7970.000 0.008
7980.000 0.014
7990.000 0.011
8000.000 0.013
8010.000 0.013
8020.000 0.010
8030.000 0.011
8040.000 0.012
8050.000 0.010
8060.000 0.009
8070.000 0.014
8080.000 0.011
8090.000 0.016
8100.000 0.013
8110.000 0.013
8120.000 0.011
8130.000 0.012
8140.000 0.012
8150.000 0.010
8160.000 0.012
8170.000 0.014
8180.000 0.010
8190.000 0.013
8200.000 0.012
8210.000 0.013
8220.000 0.011
8230.000 0.012
8240.000 0.011
8250.000 0.012
8260.000 0.014
8270.000 0.012
8280.000 0.014
8290.000 0.012
8300.000 0.012
8310.000 0.009
8320.000 0.012
8330.000 0.010
8340.000 0.015
8350.000 0.011
8360.000 0.013
8370.000 0.011
8380.000 0.015
8390.000 0.012
8400.000 0.008
8410.000 0.010
8420.000 0.012
8430.000 0.010
8440.000 0.012
8450.000 0.015
8460.000 0.012
8470.000 0.013
8480.000 0.011
8490.000 0.011
8500.000 0.010
8510.000 0.011
8520.000 0.014
8530.000 0.015
8540.000 0.013
8550.000 0.011
8560.000 0.013
8570.000 0.012
8580.000 0.008
8590.000 0.010
8600.000 0.010
8610.000 0.011
8620.000 0.012
8630.000 0.008
8640.000 0.009
8650.000 0.017
8660.000 0.008
8670.000 0.013
8680.000 0.011
8690.000 0.011
8700.000 0.009
8710.000 0.014
8720.000 0.011
8730.000 0.011
8740.000 0.012
8750.000 0.011
8760.000 0.011
8770.000 0.010
8780.000 0.010
8790.000 0.016
8800.000 0.012
8810.000 0.010
8820.000 0.015
8830.000 0.012
8840.000 0.012
8850.000 0.009
8860.000 0.011
8870.000 0.012
8880.000 0.009
8890.000 0.011
8900.000 0.011
8910.000 0.011
8920.000 0.012
8930.000 0.012
8940.000 0.012
8950.000 0.011
8960.000 0.012
8970.000 0.011
8980.000 0.007
8990.000 0.010
9000.000 0.008
9010.000 0.006
9020.000 0.013
9030.000 0.011
9040.000 0.011
9050.000 0.012
9060.000 0.011
9070.000 0.010
9080.000 0.009
9090.000 0.013
9100.000 0.011
9110.000 0.011
9120.000 0.013
9130.000 0.013
9140.000 0.013
9150.000 0.013
9160.000 0.012
9170.000 0.013
9180.000 0.013
9190.000 0.015
9200.000 0.013
9210.000 0.012
9220.000 0.014
9230.000 0.012
9240.000 0.012
9250.000 0.011
9260.000 0.012
9270.000 0.013
9280.000 0.012
9290.000 0.011
9300.000 0.010
9310.000 0.013
9320.000 0.011
9330.000 0.013
9340.000 0.012
9350.000 0.011
9360.000 0.010
9370.000 0.010
9380.000 0.015
9390.000 0.010
9400.000 0.012
9410.000 0.011
9420.000 0.011
9430.000 0.012
9440.000 0.012
9450.000 0.011
9460.000 0.010
9470.000 0.009
9480.000 0.015
9490.000 0.014
9500.000 0.011
9510.000 0.014
9520.000 0.012
9530.000 0.012
9540.000 0.011
9550.000 0.009
9560.000 0.011
9570.000 0.015
9580.000 0.014
9590.000 0.012
9600.000 0.014
9610.000 0.015
9620.000 0.010
9630.000 0.016
9640.000 0.015
9650.000 0.015
9660.000 0.018
9670.000 0.014
9680.000 0.013
9690.000 0.011
9700.000 0.014
9710.000 0.015
9720.000 0.013
9730.000 0.013
9740.000 0.014
9750.000 0.015
9760.000 0.016
9770.000 0.016
9780.000 0.014
9790.000 0.014
9800.000 0.013
9810.000 0.016
9820.000 0.014
9830.000 0.011
9840.000 0.013
9850.000 0.015
9860.000 0.010
9870.000 0.013
9880.000 0.014
9890.000 0.013
9900.000 0.014
9910.000 0.015
9920.000 0.016
9930.000 0.016
9940.000 0.018
9950.000 0.017
9960.000 0.016
9970.000 0.020
9980.000 0.024
9990.000 0.025
10000.000 0.032
10010.000 0.036
10020.000 0.044
10030.000 0.045
10040.000 0.070
10050.000 0.098
10060.000 0.119
10070.000 0.187
10080.000 0.242
10090.000 0.421
10100.000 0.800
10110.000 1.130
10120.000 2.369
10130.000 3.407
10140.000 6.404
10150.000 9.454
10160.000 11.010
10170.000 14.464
10180.000 15.536
10190.000 14.973
10200.000 14.455
10210.000 14.892
10220.000 16.848
10230.000 17.958
10240.000 18.377
10250.000 15.730
10260.000 14.389
10270.000 12.895
10280.000 12.723
10290.000 13.423
10300.000 15.504
10310.000 16.954
10320.000 19.304
10330.000 19.152
10340.000 15.786
10350.000 12.612
10360.000 11.676
10370.000 10.815
10380.000 10.785
10390.000 11.522
10400.000 13.017
10410.000 13.808
10420.000 14.157
10430.000 13.281
10440.000 10.599
10450.000 8.681
10460.000 8.125
10470.000 7.664
10480.000 7.711
10490.000 8.314
10500.000 9.387
10510.000 9.849
10520.000 9.549
10530.000 8.672
10540.000 6.812
10550.000 5.745
10560.000 5.475
10570.000 5.272
10580.000 5.292
10590.000 5.265
10600.000 4.568
10610.000 3.944
10620.000 2.829
10630.000 2.432
10640.000 1.851
10650.000 1.290
10660.000 0.980
10670.000 0.495
10680.000 0.353
10690.000 0.191
10700.000 0.112
10710.000 0.087
10720.000 0.060
10730.000 0.050
10740.000 0.035
10750.000 0.028
10760.000 0.026
10770.000 0.022
10780.000 0.021
10790.000 0.020
10800.000 0.014
10810.000 0.016
10820.000 0.017
10830.000 0.016
10840.000 0.014
10850.000 0.014
10860.000 0.016
10870.000 0.014
10880.000 0.013
10890.000 0.013
10900.000 0.018
10910.000 0.016
10920.000 0.015
10930.000 0.012
10940.000 0.015
10950.000 0.015
10960.000 0.009
10970.000 0.017
10980.000 0.014
10990.000 0.012
11000.000 0.016
11010.000 0.012
11020.000 0.016
11030.000 0.013
11040.000 0.013
11050.000 0.014
11060.000 0.015
11070.000 0.012
11080.000 0.013
11090.000 0.011
11100.000 0.012
11110.000 0.010
11120.000 0.014
11130.000 0.013
11140.000 0.012
11150.000 0.013
11160.000 0.012
11170.000 0.013
11180.000 0.014
11190.000 0.013
11200.000 0.012
11210.000 0.011
11220.000 0.013
11230.000 0.012
11240.000 0.012
11250.000 0.017
11260.000 0.013
11270.000 0.012
11280.000 0.017
11290.000 0.010
11300.000 0.014
11310.000 0.015
11320.000 0.014
11330.000 0.014
11340.000 0.010
11350.000 0.012
11360.000 0.012
11370.000 0.014
11380.000 0.013
11390.000 0.013
11400.000 0.014
11410.000 0.014
11420.000 0.011
11430.000 0.012
11440.000 0.013
11450.000 0.013
11460.000 0.014
11470.000 0.011
11480.000 0.014
11490.000 0.016
11500.000 0.013
11510.000 0.017
11520.000 0.011
11530.000 0.010
11540.000 0.014
11550.000 0.012
11560.000 0.012
11570.000 0.014
11580.000 0.010
11590.000 0.011
11600.000 0.012
11610.000 0.012
11620.000 0.015
11630.000 0.013
11640.000 0.014
11650.000 0.014
11660.000 0.013
11670.000 0.014
11680.000 0.014
11690.000 0.013
11700.000 0.012
11710.000 0.014
11720.000 0.013
11730.000 0.013
11740.000 0.016
11750.000 0.015
11760.000 0.014
11770.000 0.013
11780.000 0.015
11790.000 0.015
11800.000 0.017
11810.000 0.015
11820.000 0.015
11830.000 0.012
11840.000 0.015
11850.000 0.014
11860.000 0.011
11870.000 0.014
11880.000 0.013
11890.000 0.014
11900.000 0.014
11910.000 0.013
11920.000 0.014
11930.000 0.014
11940.000 0.016
11950.000 0.014
11960.000 0.015
11970.000 0.017
11980.000 0.015
11990.000 0.012
12000.000 0.012
