110.000 0.380
120.000 9.123
130.000 7.086
140.000 6.775
150.000 6.275
160.000 6.228
170.000 6.254
180.000 6.127
190.000 6.136
200.000 6.074
210.000 6.019
220.000 5.950
230.000 6.033
240.000 6.063
250.000 6.212
260.000 6.248
270.000 6.450
280.000 6.601
290.000 6.903
300.000 7.347
310.000 7.402
320.000 8.063
330.000 8.757
340.000 9.133
350.000 9.958
360.000 10.472
370.000 11.770
380.000 13.276
390.000 14.092
400.000 16.008
410.000 16.886
420.000 18.772
430.000 20.744
440.000 20.964
450.000 22.006
460.000 21.793
470.000 20.646
480.000 18.974
490.000 18.050
500.000 16.252
510.000 15.535
520.000 14.130
530.000 12.916
540.000 12.487
550.000 11.388
560.000 10.947
570.000 10.301
580.000 9.753
590.000 9.478
600.000 9.008
610.000 8.774
620.000 8.407
630.000 8.242
640.000 7.904
650.000 7.718
660.000 7.609
670.000 7.472
680.000 7.388
690.000 7.310
700.000 7.194
710.000 7.243
720.000 7.179
730.000 7.208
740.000 7.261
750.000 7.363
760.000 7.447
770.000 7.717
780.000 7.909
790.000 8.246
800.000 8.768
810.000 9.161
820.000 10.210
830.000 10.756
840.000 12.634
850.000 15.594
860.000 17.331
870.000 23.463
880.000 27.522
890.000 33.315
900.000 23.864
910.000 17.811
920.000 11.348
930.000 9.423
940.000 6.882
950.000 5.216
960.000 4.604
970.000 3.767
980.000 3.428
990.000 2.861
1000.000 2.427
1010.000 2.232
1020.000 1.953
1030.000 1.821
1040.000 1.617
1050.000 1.488
1060.000 1.390
1070.000 1.329
1080.000 1.286
1090.000 1.228
1100.000 1.205
1110.000 1.203
1120.000 1.185
1130.000 1.196
1140.000 1.209
1150.000 1.229
1160.000 1.230
1170.000 1.261
1180.000 1.257
1190.000 1.238
1200.000 1.344
1210.000 1.343
1220.000 1.374
1230.000 1.389
1240.000 1.451
1250.000 1.492
1260.000 1.514
1270.000 1.559
1280.000 1.585
1290.000 1.643
1300.000 1.692
1310.000 1.738
1320.000 1.802
1330.000 1.830
1340.000 1.905
1350.000 1.958
1360.000 2.011
1370.000 2.103
1380.000 2.139
1390.000 2.223
1400.000 2.337
1410.000 2.398
1420.000 2.496
1430.000 2.558
1440.000 2.690
1450.000 2.844
1460.000 2.921
1470.000 3.080
1480.000 3.164
1490.000 3.369
1500.000 3.585
1510.000 3.700
1520.000 3.955
1530.000 4.100
1540.000 4.425
1550.000 4.789
1560.000 4.963
1570.000 5.406
1580.000 5.669
1590.000 6.204
1600.000 6.843
1610.000 7.216
1620.000 8.095
1630.000 8.597
1640.000 10.027
1650.000 12.422
1660.000 14.135
1670.000 19.914
1680.000 24.268
1690.000 33.989
1700.000 33.630
1710.000 28.543
1720.000 21.056
1730.000 18.653
1740.000 15.334
1750.000 13.062
1760.000 12.198
1770.000 10.825
1780.000 10.252
1790.000 9.322
1800.000 8.878
1810.000 8.206
1820.000 7.639
1830.000 7.387
1840.000 6.950
1850.000 6.755
1860.000 6.396
1870.000 6.085
1880.000 5.944
1890.000 5.684
1900.000 5.568
1910.000 5.354
1920.000 5.161
1930.000 5.069
1940.000 4.905
1950.000 4.822
1960.000 4.674
1970.000 4.537
1980.000 4.463
1990.000 4.346
2000.000 4.287
2010.000 4.173
2020.000 4.059
2030.000 4.005
2040.000 3.895
2050.000 3.845
2060.000 3.741
2070.000 3.642
2080.000 3.587
2090.000 3.499
2100.000 3.447
2110.000 3.353
2120.000 3.263
2130.000 3.212
2140.000 3.122
2150.000 3.078
2160.000 2.994
2170.000 2.896
2180.000 2.857
2190.000 2.773
2200.000 2.729
2210.000 2.639
2220.000 2.556
2230.000 2.513
2240.000 2.440
2250.000 2.406
2260.000 2.329
2270.000 2.267
2280.000 2.232
2290.000 2.176
2300.000 2.150
2310.000 2.091
2320.000 2.043
2330.000 2.018
2340.000 1.969
2350.000 1.947
2360.000 1.910
2370.000 1.872
2380.000 1.854
2390.000 1.819
2400.000 1.804
2410.000 1.775
2420.000 1.759
2430.000 1.730
2440.000 1.700
2450.000 1.686
2460.000 1.658
2470.000 1.648
2480.000 1.626
2490.000 1.607
2500.000 1.592
2510.000 1.581
2520.000 1.571
2530.000 1.558
2540.000 1.553
2550.000 1.539
2560.000 1.535
2570.000 1.529
2580.000 1.517
2590.000 1.507
2600.000 1.497
2610.000 1.494
2620.000 1.494
2630.000 1.486
2640.000 1.487
2650.000 1.479
2660.000 1.478
2670.000 1.483
2680.000 1.480
2690.000 1.480
2700.000 1.484
2710.000 1.486
2720.000 1.487
2730.000 1.494
2740.000 1.498
2750.000 1.506
2760.000 1.516
2770.000 1.513
2780.000 1.528
2790.000 1.536
2800.000 1.546
2810.000 1.560
2820.000 1.563
2830.000 1.583
2840.000 1.606
2850.000 1.622
2860.000 1.645
2870.000 1.659
2880.000 1.684
2890.000 1.715
2900.000 1.738
2910.000 1.769
2920.000 1.788
2930.000 1.831
2940.000 1.875
2950.000 1.898
2960.000 1.948
2970.000 1.976
2980.000 2.025
2990.000 2.086
3000.000 2.119
3010.000 2.190
3020.000 2.222
3030.000 2.298
3040.000 2.387
3050.000 2.425
3060.000 2.523
3070.000 2.570
3080.000 2.685
3090.000 2.806
3100.000 2.869
3110.000 3.003
3120.000 3.079
3130.000 3.242
3140.000 3.427
3150.000 3.517
3160.000 3.740
3170.000 3.854
3180.000 4.110
3190.000 4.404
3200.000 4.562
3210.000 4.923
3220.000 5.124
3230.000 5.568
3240.000 6.100
3250.000 6.398
3260.000 7.085
3270.000 7.485
3280.000 8.414
3290.000 9.577
3300.000 10.270
3310.000 11.965
3320.000 13.012
3330.000 15.698
3340.000 19.531
3350.000 22.112
3360.000 29.397
3370.000 34.569
3380.000 49.002
3390.000 64.699
3400.000 66.355
3410.000 50.174
3420.000 41.626
3430.000 30.778
3440.000 24.491
3450.000 22.292
3460.000 19.020
3470.000 17.774
3480.000 15.828
3490.000 14.377
3500.000 13.796
3510.000 12.833
3520.000 12.435
3530.000 11.780
3540.000 11.274
3550.000 11.059
3560.000 10.720
3570.000 10.581
3580.000 10.362
3590.000 10.288
3600.000 10.190
3610.000 10.164
3620.000 10.176
3630.000 10.252
3640.000 10.305
3650.000 10.486
3660.000 10.742
3670.000 10.899
3680.000 11.290
3690.000 11.525
3700.000 12.093
3710.000 12.814
3720.000 13.241
3730.000 14.272
3740.000 14.899
3750.000 16.430
3760.000 18.470
3770.000 19.758
3780.000 23.101
3790.000 25.309
3800.000 31.369
3810.000 41.057
3820.000 47.950
3830.000 65.965
3840.000 74.178
3850.000 69.386
3860.000 44.864
3870.000 36.933
3880.000 26.868
3890.000 23.532
3900.000 18.758
3910.000 15.532
3920.000 14.297
3930.000 12.301
3940.000 11.490
3950.000 10.148
3960.000 9.090
3970.000 8.627
3980.000 7.848
3990.000 7.514
4000.000 6.923
4010.000 6.427
4020.000 6.207
4030.000 5.813
4040.000 5.644
4050.000 5.332
4060.000 5.069
4070.000 4.947
4080.000 4.731
4090.000 4.638
4100.000 4.463
4110.000 4.315
4120.000 4.249
4130.000 4.132
4140.000 4.082
4150.000 3.993
4160.000 3.921
4170.000 3.891
4180.000 3.833
4190.000 3.818
4200.000 3.782
4210.000 3.750
4220.000 3.741
4230.000 3.704
4240.000 3.683
4250.000 3.631
4260.000 3.599
4270.000 3.600
4280.000 3.642
4290.000 3.688
4300.000 3.824
4310.000 4.011
4320.000 4.128
4330.000 4.406
4340.000 4.573
4350.000 4.978
4360.000 5.512
4370.000 5.842
4380.000 6.684
4390.000 7.231
4400.000 8.685
4410.000 10.886
4420.000 12.372
4430.000 16.188
4440.000 18.116
4450.000 18.804
4460.000 13.801
4470.000 11.409
4480.000 8.208
4490.000 7.137
4500.000 5.609
4510.000 4.590
4520.000 4.191
4530.000 3.574
4540.000 3.328
4550.000 2.920
4560.000 2.596
4570.000 2.459
4580.000 2.235
4590.000 2.131
4600.000 1.960
4610.000 1.814
4620.000 1.747
4630.000 1.628
4640.000 1.575
4650.000 1.481
4660.000 1.385
4670.000 1.339
4680.000 1.246
4690.000 1.203
4700.000 1.106
4710.000 1.011
4720.000 0.943
4730.000 0.854
4740.000 0.810
4750.000 0.737
4760.000 0.676
4770.000 0.649
4780.000 0.611
4790.000 0.593
4800.000 0.572
4810.000 0.572
4820.000 0.573
4830.000 0.579
4840.000 0.586
4850.000 0.602
4860.000 0.614
4870.000 0.634
4880.000 0.661
4890.000 0.679
4900.000 0.705
4910.000 0.718
4920.000 0.753
4930.000 0.785
4940.000 0.799
4950.000 0.829
4960.000 0.844
4970.000 0.882
4980.000 0.914
4990.000 0.933
5000.000 0.965
5010.000 0.976
5020.000 1.005
5030.000 1.023
5040.000 1.038
5050.000 1.057
5060.000 1.068
5070.000 1.078
5080.000 1.088
5090.000 1.094
5100.000 1.095
5110.000 1.091
5120.000 1.093
5130.000 1.080
5140.000 1.072
5150.000 1.060
5160.000 1.048
5170.000 1.030
5180.000 1.005
5190.000 0.994
5200.000 0.972
5210.000 0.960
5220.000 0.935
5230.000 0.912
5240.000 0.901
5250.000 0.876
5260.000 0.870
5270.000 0.841
5280.000 0.820
5290.000 0.812
5300.000 0.788
5310.000 0.780
5320.000 0.753
5330.000 0.733
5340.000 0.717
5350.000 0.698
5360.000 0.687
5370.000 0.670
5380.000 0.650
5390.000 0.646
5400.000 0.626
5410.000 0.619
5420.000 0.609
5430.000 0.592
5440.000 0.585
5450.000 0.577
5460.000 0.568
5470.000 0.557
5480.000 0.543
5490.000 0.532
5500.000 0.515
5510.000 0.509
5520.000 0.487
5530.000 0.464
5540.000 0.451
5550.000 0.442
5560.000 0.431
5570.000 0.424
5580.000 0.430
5590.000 0.426
5600.000 0.434
5610.000 0.437
5620.000 0.437
5630.000 0.441
5640.000 0.448
5650.000 0.455
5660.000 0.454
5670.000 0.458
5680.000 0.462
5690.000 0.465
5700.000 0.459
5710.000 0.457
5720.000 0.466
5730.000 0.459
5740.000 0.457
5750.000 0.455
5760.000 0.455
5770.000 0.454
5780.000 0.456
5790.000 0.455
5800.000 0.460
5810.000 0.461
5820.000 0.466
5830.000 0.465
5840.000 0.474
5850.000 0.478
5860.000 0.479
5870.000 0.482
5880.000 0.487
5890.000 0.489
5900.000 0.493
5910.000 0.496
5920.000 0.499
5930.000 0.499
5940.000 0.500
5950.000 0.499
5960.000 0.498
5970.000 0.499
5980.000 0.494
5990.000 0.502
6000.000 0.506
6010.000 0.510
6020.000 0.515
6030.000 0.522
6040.000 0.530
6050.000 0.537
6060.000 0.544
6070.000 0.553
6080.000 0.560
6090.000 0.572
6100.000 0.586
6110.000 0.592
6120.000 0.611
6130.000 0.617
6140.000 0.631
6150.000 0.650
6160.000 0.655
6170.000 0.671
6180.000 0.683
6190.000 0.702
6200.000 0.722
6210.000 0.730
6220.000 0.752
6230.000 0.766
6240.000 0.784
6250.000 0.808
6260.000 0.820
6270.000 0.850
6280.000 0.870
6290.000 0.902
6300.000 0.938
6310.000 0.955
6320.000 0.996
6330.000 1.018
6340.000 1.061
6350.000 1.109
6360.000 1.140
6370.000 1.194
6380.000 1.224
6390.000 1.286
6400.000 1.355
6410.000 1.393
6420.000 1.468
6430.000 1.511
6440.000 1.603
6450.000 1.704
6460.000 1.755
6470.000 1.875
6480.000 1.936
6490.000 2.073
6500.000 2.228
6510.000 2.306
6520.000 2.487
6530.000 2.586
6540.000 2.805
6550.000 3.074
6560.000 3.215
6570.000 3.530
6580.000 3.701
6590.000 4.102
6600.000 4.573
6610.000 4.840
6620.000 5.471
6630.000 5.833
6640.000 6.685
6650.000 7.757
6660.000 8.404
6670.000 9.985
6680.000 10.973
6690.000 13.462
6700.000 17.011
6710.000 19.381
6720.000 25.828
6730.000 30.269
6740.000 41.903
6750.000 53.351
6760.000 54.848
6770.000 45.906
6780.000 40.051
6790.000 31.521
6800.000 26.241
6810.000 24.363
6820.000 21.607
6830.000 20.593
6840.000 19.068
6850.000 18.032
6860.000 17.657
6870.000 17.146
6880.000 17.001
6890.000 16.891
6900.000 17.020
6910.000 17.172
6920.000 17.668
6930.000 18.016
6940.000 18.938
6950.000 20.242
6960.000 21.061
6970.000 23.160
6980.000 24.474
6990.000 27.919
7000.000 32.944
7010.000 36.350
7020.000 45.940
7030.000 52.771
7040.000 72.053
7050.000 94.308
7060.000 97.729
7070.000 73.240
7080.000 58.820
7090.000 41.162
7100.000 31.239
7110.000 27.813
7120.000 22.776
7130.000 20.876
7140.000 17.900
7150.000 16.595
7160.000 14.701
7170.000 13.231
7180.000 12.612
7190.000 11.567
7200.000 11.126
7210.000 10.369
7220.000 9.748
7230.000 9.485
7240.000 9.024
7250.000 8.834
7260.000 8.504
7270.000 8.239
7280.000 8.130
7290.000 7.959
7300.000 7.894
7310.000 7.810
7320.000 7.779
7330.000 7.791
7340.000 7.851
7350.000 7.906
7360.000 8.064
7370.000 8.303
7380.000 8.465
7390.000 8.873
7400.000 9.124
7410.000 9.765
7420.000 10.642
7430.000 11.189
7440.000 12.609
7450.000 13.538
7460.000 15.986
7470.000 19.638
7480.000 22.056
7490.000 27.759
7500.000 30.205
7510.000 29.647
7520.000 21.726
7530.000 18.107
7540.000 13.068
7550.000 11.330
7560.000 8.820
7570.000 7.116
7580.000 6.457
7590.000 5.399
7600.000 4.974
7610.000 4.260
7620.000 3.704
7630.000 3.469
7640.000 3.065
7650.000 2.885
7660.000 2.575
7670.000 2.321
7680.000 2.204
7690.000 2.005
7700.000 1.915
7710.000 1.752
7720.000 1.612
7730.000 1.546
7740.000 1.427
7750.000 1.370
7760.000 1.276
7770.000 1.186
7780.000 1.148
7790.000 1.073
7800.000 1.043
7810.000 0.976
7820.000 0.917
7830.000 0.892
7840.000 0.841
7850.000 0.817
7860.000 0.768
7870.000 0.725
7880.000 0.706
7890.000 0.669
7900.000 0.653
7910.000 0.619
7920.000 0.584
7930.000 0.572
7940.000 0.540
7950.000 0.528
7960.000 0.493
7970.000 0.443
7980.000 0.445
7990.000 0.455
8000.000 0.446
8010.000 0.471
8020.000 0.446
8030.000 0.440
8040.000 0.419
8050.000 0.404
8060.000 0.368
8070.000 0.400
8080.000 0.407
8090.000 0.386
8100.000 0.376
8110.000 0.364
8120.000 0.348
8130.000 0.342
8140.000 0.333
8150.000 0.320
8160.000 0.314
8170.000 0.307
8180.000 0.303
8190.000 0.293
8200.000 0.288
8210.000 0.281
8220.000 0.276
8230.000 0.274
8240.000 0.265
8250.000 0.262
8260.000 0.257
8270.000 0.251
8280.000 0.244
8290.000 0.244
8300.000 0.240
8310.000 0.231
8320.000 0.229
8330.000 0.229
8340.000 0.226
8350.000 0.221
8360.000 0.222
8370.000 0.218
8380.000 0.217
8390.000 0.207
8400.000 0.207
8410.000 0.205
8420.000 0.202
8430.000 0.199
8440.000 0.197
8450.000 0.194
8460.000 0.191
8470.000 0.192
8480.000 0.189
8490.000 0.183
8500.000 0.185
8510.000 0.185
8520.000 0.181
8530.000 0.177
8540.000 0.176
8550.000 0.175
8560.000 0.176
8570.000 0.176
8580.000 0.178
8590.000 0.172
8600.000 0.172
8610.000 0.172
8620.000 0.170
8630.000 0.171
8640.000 0.172
8650.000 0.169
8660.000 0.168
8670.000 0.168
8680.000 0.167
8690.000 0.167
8700.000 0.165
8710.000 0.171
8720.000 0.182
8730.000 0.226
8740.000 0.233
8750.000 0.213
8760.000 0.171
8770.000 0.164
8780.000 0.146
8790.000 0.117
8800.000 0.110
8810.000 0.112
8820.000 0.113
8830.000 0.109
8840.000 0.115
8850.000 0.113
8860.000 0.111
8870.000 0.111
8880.000 0.113
8890.000 0.125
8900.000 0.140
8910.000 0.169
8920.000 0.168
8930.000 0.169
8940.000 0.168
8950.000 0.166
8960.000 0.164
8970.000 0.163
8980.000 0.160
8990.000 0.159
9000.000 0.161
9010.000 0.164
9020.000 0.159
9030.000 0.160
9040.000 0.161
9050.000 0.163
9060.000 0.165
9070.000 0.163
9080.000 0.166
9090.000 0.163
9100.000 0.168
9110.000 0.168
9120.000 0.171
9130.000 0.171
9140.000 0.173
9150.000 0.177
9160.000 0.176
9170.000 0.176
9180.000 0.183
9190.000 0.182
9200.000 0.181
9210.000 0.190
9220.000 0.190
9230.000 0.192
9240.000 0.194
9250.000 0.197
9260.000 0.200
9270.000 0.199
9280.000 0.208
9290.000 0.208
9300.000 0.211
9310.000 0.218
9320.000 0.215
9330.000 0.224
9340.000 0.227
9350.000 0.228
9360.000 0.233
9370.000 0.237
9380.000 0.240
9390.000 0.248
9400.000 0.253
9410.000 0.261
9420.000 0.261
9430.000 0.275
9440.000 0.277
9450.000 0.286
9460.000 0.300
9470.000 0.299
9480.000 0.310
9490.000 0.318
9500.000 0.328
9510.000 0.339
9520.000 0.346
9530.000 0.357
9540.000 0.366
9550.000 0.380
9560.000 0.396
9570.000 0.401
9580.000 0.419
9590.000 0.428
9600.000 0.446
9610.000 0.465
9620.000 0.475
9630.000 0.495
9640.000 0.512
9650.000 0.532
9660.000 0.561
9670.000 0.573
9680.000 0.601
9690.000 0.617
9700.000 0.647
9710.000 0.684
9720.000 0.706
9730.000 0.745
9740.000 0.770
9750.000 0.817
9760.000 0.868
9770.000 0.896
9780.000 0.958
9790.000 0.990
9800.000 1.058
9810.000 1.140
9820.000 1.180
9830.000 1.277
9840.000 1.329
9850.000 1.443
9860.000 1.575
9870.000 1.649
9880.000 1.809
9890.000 1.900
9900.000 2.102
9910.000 2.333
9920.000 2.471
9930.000 2.777
9940.000 2.953
9950.000 3.366
9960.000 3.873
9970.000 4.173
9980.000 4.901
9990.000 5.338
10000.000 6.431
10010.000 7.911
10020.000 8.869
10030.000 11.436
10040.000 13.177
10050.000 18.007
10060.000 25.138
10070.000 29.228
10080.000 34.126
10090.000 32.682
10100.000 25.549
10110.000 20.145
10120.000 18.097
10130.000 15.544
10140.000 14.628
10150.000 13.291
10160.000 12.812
10170.000 12.102
10180.000 11.671
10190.000 11.541
10200.000 11.432
10210.000 11.448
10220.000 11.613
10230.000 11.960
10240.000 12.207
10250.000 12.869
10260.000 13.301
10270.000 14.383
10280.000 15.872
10290.000 16.807
10300.000 19.179
10310.000 20.681
10320.000 24.459
10330.000 29.337
10340.000 31.987
10350.000 36.220
10360.000 36.794
10370.000 33.419
10380.000 27.140
10390.000 24.217
10400.000 19.522
10410.000 17.704
10420.000 14.862
10430.000 12.800
10440.000 11.980
10450.000 10.649
10460.000 10.113
10470.000 9.243
10480.000 8.580
10490.000 8.316
10500.000 7.902
10510.000 7.739
10520.000 7.493
10530.000 7.331
10540.000 7.275
10550.000 7.228
10560.000 7.223
10570.000 7.254
10580.000 7.281
10590.000 7.302
10600.000 7.376
10610.000 7.442
10620.000 7.677
10630.000 8.102
10640.000 8.393
10650.000 9.157
10660.000 9.646
10670.000 10.917
10680.000 12.682
10690.000 13.777
10700.000 16.191
10710.000 17.241
10720.000 17.696
10730.000 15.322
10740.000 13.679
10750.000 10.393
10760.000 9.022
10770.000 6.927
10780.000 5.496
10790.000 4.942
10800.000 4.076
10810.000 3.727
10820.000 3.160
10830.000 2.716
10840.000 2.533
10850.000 2.215
10860.000 2.077
10870.000 1.844
10880.000 1.647
10890.000 1.557
10900.000 1.407
10910.000 1.339
10920.000 1.215
10930.000 1.109
10940.000 1.063
10950.000 0.974
10960.000 0.935
10970.000 0.862
10980.000 0.799
10990.000 0.770
11000.000 0.717
11010.000 0.692
11020.000 0.647
11030.000 0.606
11040.000 0.589
11050.000 0.550
11060.000 0.530
11070.000 0.507
11080.000 0.474
11090.000 0.459
11100.000 0.437
11110.000 0.424
11120.000 0.405
11130.000 0.385
11140.000 0.374
11150.000 0.358
11160.000 0.351
11170.000 0.335
11180.000 0.316
11190.000 0.312
11200.000 0.299
11210.000 0.291
11220.000 0.281
11230.000 0.270
11240.000 0.265
11250.000 0.254
11260.000 0.251
11270.000 0.241
11280.000 0.235
11290.000 0.230
11300.000 0.220
11310.000 0.217
11320.000 0.207
11330.000 0.204
11340.000 0.197
11350.000 0.194
11360.000 0.194
11370.000 0.188
11380.000 0.182
11390.000 0.177
11400.000 0.174
11410.000 0.169
11420.000 0.166
11430.000 0.167
11440.000 0.161
11450.000 0.156
11460.000 0.157
11470.000 0.152
11480.000 0.148
11490.000 0.144
11500.000 0.142
11510.000 0.141
11520.000 0.141
11530.000 0.138
11540.000 0.136
11550.000 0.132
11560.000 0.131
11570.000 0.127
11580.000 0.128
11590.000 0.129
11600.000 0.125
11610.000 0.121
11620.000 0.122
11630.000 0.119
11640.000 0.119
11650.000 0.118
11660.000 0.113
11670.000 0.113
11680.000 0.110
11690.000 0.111
11700.000 0.110
11710.000 0.112
11720.000 0.112
11730.000 0.109
11740.000 0.108
11750.000 0.106
11760.000 0.106
11770.000 0.106
11780.000 0.105
11790.000 0.103
11800.000 0.101
11810.000 0.102
11820.000 0.102
11830.000 0.102
11840.000 0.101
11850.000 0.100
11860.000 0.100
11870.000 0.099
11880.000 0.100
11890.000 0.102
11900.000 0.097
11910.000 0.097
11920.000 0.100
11930.000 0.098
11940.000 0.098
11950.000 0.100
11960.000 0.101
11970.000 0.097
11980.000 0.097
11990.000 0.098
12000.000 0.102
