110.000 1.247
130.000 3.137
140.000 3.139
150.000 3.122
160.000 3.131
170.000 3.243
180.000 3.217
190.000 3.381
200.000 3.336
210.000 3.374
220.000 3.476
230.000 3.657
240.000 3.736
250.000 3.934
260.000 4.109
270.000 4.402
280.000 4.814
290.000 5.054
300.000 5.714
310.000 6.036
320.000 6.873
330.000 7.921
340.000 8.591
350.000 10.191
360.000 11.172
370.000 13.707
380.000 17.357
390.000 19.479
400.000 24.988
410.000 28.642
420.000 36.408
430.000 45.759
440.000 50.600
450.000 59.753
460.000 64.617
470.000 75.372
480.000 91.446
490.000 100.778
500.000 116.827
510.000 117.418
520.000 83.799
530.000 51.172
540.000 41.431
550.000 29.200
560.000 25.184
570.000 19.318
580.000 15.391
590.000 13.887
600.000 11.515
610.000 10.542
620.000 9.023
630.000 7.894
640.000 7.364
650.000 6.577
660.000 6.227
670.000 5.605
680.000 5.075
690.000 4.833
700.000 4.434
710.000 4.255
720.000 3.967
730.000 3.718
740.000 3.603
750.000 3.425
760.000 3.359
770.000 3.239
780.000 3.125
790.000 3.093
800.000 3.031
810.000 3.010
820.000 3.007
830.000 3.007
840.000 3.046
850.000 3.119
860.000 3.178
870.000 3.329
880.000 3.566
890.000 3.720
900.000 4.186
910.000 4.506
920.000 5.438
930.000 7.116
940.000 8.431
950.000 12.711
960.000 15.443
970.000 14.595
980.000 8.667
990.000 4.880
1000.000 3.263
1010.000 2.828
1020.000 2.148
1030.000 1.904
1040.000 1.595
1050.000 1.374
1060.000 1.298
1070.000 1.173
1080.000 1.132
1090.000 1.079
1100.000 1.029
1110.000 1.015
1120.000 1.003
1130.000 1.002
1140.000 1.013
1150.000 1.041
1160.000 1.048
1170.000 1.082
1180.000 1.101
1190.000 1.147
1200.000 1.205
1210.000 1.238
1220.000 1.306
1230.000 1.361
1240.000 1.447
1250.000 1.552
1260.000 1.615
1270.000 1.765
1280.000 1.840
1290.000 2.032
1300.000 2.249
1310.000 2.386
1320.000 2.696
1330.000 2.900
1340.000 3.381
1350.000 4.013
1360.000 4.445
1370.000 5.522
1380.000 6.258
1390.000 8.439
1400.000 12.281
1410.000 15.256
1420.000 23.388
1430.000 26.083
1440.000 18.334
1450.000 11.372
1460.000 9.648
1470.000 7.457
1480.000 6.726
1490.000 5.667
1500.000 4.936
1510.000 4.654
1520.000 4.197
1530.000 4.019
1540.000 3.720
1550.000 3.465
1560.000 3.365
1570.000 3.166
1580.000 3.097
1590.000 2.935
1600.000 2.868
1610.000 2.731
1620.000 2.608
1630.000 2.547
1640.000 2.439
1650.000 2.400
1660.000 2.387
1670.000 2.512
1680.000 2.625
1690.000 2.965
1700.000 3.185
1710.000 3.671
1720.000 4.205
1730.000 4.487
1740.000 5.114
1750.000 5.451
1760.000 6.225
1770.000 7.161
1780.000 7.719
1790.000 9.044
1800.000 9.862
1810.000 11.945
1820.000 14.877
1830.000 16.845
1840.000 22.302
1850.000 25.994
1860.000 35.393
1870.000 42.260
1880.000 40.737
1890.000 30.251
1900.000 25.743
1910.000 19.608
1920.000 15.842
1930.000 14.507
1940.000 12.446
1950.000 11.644
1960.000 10.379
1970.000 9.424
1980.000 9.035
1990.000 8.378
2000.000 8.097
2010.000 7.636
2020.000 7.258
2030.000 7.107
2040.000 6.845
2050.000 6.735
2060.000 6.551
2070.000 6.407
2080.000 6.358
2090.000 6.285
2100.000 6.253
2110.000 6.237
2120.000 6.262
2130.000 6.293
2140.000 6.384
2150.000 6.441
2160.000 6.628
2170.000 6.899
2180.000 7.065
2190.000 7.493
2200.000 7.762
2210.000 8.455
2220.000 9.427
2230.000 10.061
2240.000 11.802
2250.000 13.002
2260.000 16.521
2270.000 22.375
2280.000 26.360
2290.000 32.838
2300.000 31.082
2310.000 18.977
2320.000 12.303
2330.000 10.330
2340.000 7.690
2350.000 6.776
2360.000 5.409
2370.000 4.464
2380.000 4.087
2390.000 3.482
2400.000 3.233
2410.000 2.816
2420.000 2.486
2430.000 2.345
2440.000 2.089
2450.000 1.989
2460.000 1.803
2470.000 1.646
2480.000 1.571
2490.000 1.447
2500.000 1.394
2510.000 1.292
2520.000 1.205
2530.000 1.164
2540.000 1.092
2550.000 1.058
2560.000 0.999
2570.000 0.945
2580.000 0.919
2590.000 0.875
2600.000 0.852
2610.000 0.817
2620.000 0.783
2630.000 0.770
2640.000 0.741
2650.000 0.729
2660.000 0.706
2670.000 0.689
2680.000 0.677
2690.000 0.659
2700.000 0.645
2710.000 0.633
2720.000 0.618
2730.000 0.613
2740.000 0.605
2750.000 0.595
2760.000 0.591
2770.000 0.590
2780.000 0.586
2790.000 0.584
2800.000 0.582
2810.000 0.576
2820.000 0.579
2830.000 0.584
2840.000 0.585
2850.000 0.580
2860.000 0.587
2870.000 0.590
2880.000 0.596
2890.000 0.603
2900.000 0.607
2910.000 0.620
2920.000 0.624
2930.000 0.635
2940.000 0.650
2950.000 0.656
2960.000 0.675
2970.000 0.688
2980.000 0.709
2990.000 0.731
3000.000 0.744
3010.000 0.772
3020.000 0.787
3030.000 0.825
3040.000 0.865
3050.000 0.881
3060.000 0.928
3070.000 0.956
3080.000 1.014
3090.000 1.071
3100.000 1.111
3110.000 1.187
3120.000 1.230
3130.000 1.324
3140.000 1.433
3150.000 1.497
3160.000 1.639
3170.000 1.716
3180.000 1.898
3190.000 2.107
3200.000 2.237
3210.000 2.522
3220.000 2.691
3230.000 3.090
3240.000 3.597
3250.000 3.913
3260.000 4.684
3270.000 5.174
3280.000 6.441
3290.000 8.326
3300.000 9.635
3310.000 13.525
3320.000 16.491
3330.000 26.123
3340.000 40.976
3350.000 45.241
3360.000 29.897
3370.000 24.062
3380.000 17.935
3390.000 14.832
3400.000 13.835
3410.000 12.501
3420.000 12.064
3430.000 11.529
3440.000 11.338
3450.000 11.363
3460.000 11.627
3470.000 11.866
3480.000 12.621
3490.000 13.821
3500.000 14.634
3510.000 16.872
3520.000 18.416
3530.000 22.835
3540.000 30.078
3550.000 35.224
3560.000 47.654
3570.000 51.654
3580.000 42.383
3590.000 27.330
3600.000 22.868
3610.000 17.124
3620.000 15.208
3630.000 12.425
3640.000 10.542
3650.000 9.825
3660.000 8.678
3670.000 8.223
3680.000 7.479
3690.000 6.909
3700.000 6.681
3710.000 6.301
3720.000 6.148
3730.000 5.899
3740.000 5.728
3750.000 5.663
3760.000 5.581
3770.000 5.558
3780.000 5.564
3790.000 5.623
3800.000 5.677
3810.000 5.838
3820.000 5.945
3830.000 6.228
3840.000 6.610
3850.000 6.852
3860.000 7.469
3870.000 7.852
3880.000 8.840
3890.000 10.256
3900.000 11.211
3910.000 13.852
3920.000 15.758
3930.000 21.548
3940.000 31.525
3950.000 38.395
3960.000 39.976
3970.000 31.135
3980.000 18.722
3990.000 15.575
4000.000 11.619
4010.000 9.259
4020.000 8.415
4030.000 7.132
4040.000 6.645
4050.000 5.854
4060.000 5.267
4070.000 5.027
4080.000 4.621
4090.000 4.460
4100.000 4.179
4110.000 3.966
4120.000 3.878
4130.000 3.742
4140.000 3.685
4150.000 3.602
4160.000 3.553
4170.000 3.539
4180.000 3.536
4190.000 3.547
4200.000 3.584
4210.000 3.658
4220.000 3.701
4230.000 3.806
4240.000 3.868
4250.000 4.011
4260.000 4.211
4270.000 4.352
4280.000 4.757
4290.000 5.037
4300.000 5.814
4310.000 6.992
4320.000 7.811
4330.000 10.179
4340.000 11.886
4350.000 16.613
4360.000 20.612
4370.000 19.637
4380.000 12.942
4390.000 10.570
4400.000 7.669
4410.000 5.996
4420.000 5.406
4430.000 4.534
4440.000 4.206
4450.000 3.689
4460.000 3.308
4470.000 3.155
4480.000 2.914
4490.000 2.813
4500.000 2.654
4510.000 2.537
4520.000 2.496
4530.000 2.435
4540.000 2.413
4550.000 2.396
4560.000 2.410
4570.000 2.430
4580.000 2.484
4590.000 2.524
4600.000 2.622
4610.000 2.766
4620.000 2.854
4630.000 3.064
4640.000 3.185
4650.000 3.487
4660.000 3.877
4670.000 4.111
4680.000 4.696
4690.000 5.068
4700.000 6.031
4710.000 7.493
4720.000 8.533
4730.000 11.549
4740.000 13.492
4750.000 15.749
4760.000 10.700
4770.000 8.165
4780.000 5.444
4790.000 4.659
4800.000 3.657
4810.000 3.084
4820.000 2.900
4830.000 2.644
4840.000 2.558
4850.000 2.454
4860.000 2.423
4870.000 2.419
4880.000 2.455
4890.000 2.489
4900.000 2.579
4910.000 2.711
4920.000 2.789
4930.000 2.987
4940.000 3.107
4950.000 3.397
4960.000 3.774
4970.000 4.008
4980.000 4.577
4990.000 4.934
5000.000 5.872
5010.000 7.228
5020.000 8.158
5030.000 10.773
5040.000 12.589
5050.000 16.592
5060.000 16.898
5070.000 14.362
5080.000 9.397
5090.000 7.829
5100.000 5.739
5110.000 4.430
5120.000 3.941
5130.000 3.199
5140.000 2.867
5150.000 2.395
5160.000 2.198
5170.000 1.871
5180.000 1.609
5190.000 1.496
5200.000 1.304
5210.000 1.220
5220.000 1.077
5230.000 0.953
5240.000 0.899
5250.000 0.799
5260.000 0.752
5270.000 0.664
5280.000 0.585
5290.000 0.546
5300.000 0.476
5310.000 0.447
5320.000 0.395
5330.000 0.351
5340.000 0.332
5350.000 0.299
5360.000 0.287
5370.000 0.262
5380.000 0.245
5390.000 0.234
5400.000 0.220
5410.000 0.213
5420.000 0.200
5430.000 0.189
5440.000 0.183
5450.000 0.175
5460.000 0.176
5470.000 0.172
5480.000 0.172
5490.000 0.169
5500.000 0.175
5510.000 0.177
5520.000 0.189
5530.000 0.188
5540.000 0.190
5550.000 0.186
5560.000 0.185
5570.000 0.178
5580.000 0.172
5590.000 0.170
5600.000 0.162
5610.000 0.163
5620.000 0.156
5630.000 0.150
5640.000 0.143
5650.000 0.138
5660.000 0.135
5670.000 0.125
5680.000 0.117
5690.000 0.119
5700.000 0.111
5710.000 0.107
5720.000 0.101
5730.000 0.092
5740.000 0.090
5750.000 0.081
5760.000 0.075
5770.000 0.070
5780.000 0.059
5790.000 0.055
5800.000 0.047
5810.000 0.049
5820.000 0.050
5830.000 0.053
5840.000 0.049
5850.000 0.050
5860.000 0.051
5870.000 0.054
5880.000 0.054
5890.000 0.056
5900.000 0.061
5910.000 0.060
5920.000 0.060
5930.000 0.069
5940.000 0.070
5950.000 0.070
5960.000 0.077
5970.000 0.081
5980.000 0.086
5990.000 0.089
6000.000 0.094
6010.000 0.099
6020.000 0.096
6030.000 0.099
6040.000 0.104
6050.000 0.106
6060.000 0.107
6070.000 0.113
6080.000 0.114
6090.000 0.115
6100.000 0.116
6110.000 0.121
6120.000 0.126
6130.000 0.132
6140.000 0.132
6150.000 0.137
6160.000 0.142
6170.000 0.143
6180.000 0.149
6190.000 0.152
6200.000 0.157
6210.000 0.160
6220.000 0.167
6230.000 0.171
6240.000 0.176
6250.000 0.181
6260.000 0.183
6270.000 0.193
6280.000 0.203
6290.000 0.214
6300.000 0.228
6310.000 0.237
6320.000 0.260
6330.000 0.274
6340.000 0.292
6350.000 0.311
6360.000 0.317
6370.000 0.344
6380.000 0.368
6390.000 0.401
6400.000 0.441
6410.000 0.466
6420.000 0.518
6430.000 0.544
6440.000 0.604
6450.000 0.672
6460.000 0.713
6470.000 0.804
6480.000 0.857
6490.000 0.981
6500.000 1.135
6510.000 1.225
6520.000 1.436
6530.000 1.561
6540.000 1.871
6550.000 2.278
6560.000 2.529
6570.000 3.170
6580.000 3.585
6590.000 4.683
6600.000 6.384
6610.000 7.590
6620.000 11.205
6630.000 13.913
6640.000 21.651
6650.000 28.516
6660.000 27.647
6670.000 20.746
6680.000 18.425
6690.000 15.690
6700.000 14.422
6710.000 14.141
6720.000 14.108
6730.000 14.328
6740.000 15.288
6750.000 17.069
6760.000 18.379
6770.000 22.262
6780.000 25.123
6790.000 33.927
6800.000 48.696
6810.000 57.185
6820.000 58.742
6830.000 47.031
6840.000 29.586
6850.000 21.553
6860.000 19.033
6870.000 15.565
6880.000 14.342
6890.000 12.525
6900.000 11.287
6910.000 10.819
6920.000 10.079
6930.000 9.828
6940.000 9.477
6950.000 9.301
6960.000 9.272
6970.000 9.340
6980.000 9.421
6990.000 9.732
7000.000 10.238
7010.000 10.573
7020.000 11.468
7030.000 12.053
7040.000 13.575
7050.000 15.791
7060.000 17.280
7070.000 21.303
7080.000 24.080
7090.000 31.431
7100.000 39.351
7110.000 40.944
7120.000 34.402
7130.000 29.071
7140.000 21.213
7150.000 16.483
7160.000 14.827
7170.000 12.379
7180.000 11.468
7190.000 10.061
7200.000 9.038
7210.000 8.637
7220.000 7.991
7230.000 7.733
7240.000 7.331
7250.000 7.053
7260.000 6.951
7270.000 6.825
7280.000 6.795
7290.000 6.807
7300.000 6.907
7310.000 6.993
7320.000 7.248
7330.000 7.427
7340.000 7.895
7350.000 8.555
7360.000 8.977
7370.000 10.082
7380.000 10.801
7390.000 12.728
7400.000 15.666
7410.000 17.717
7420.000 23.441
7430.000 27.144
7440.000 33.599
7450.000 30.186
7460.000 25.111
7470.000 17.473
7480.000 15.024
7490.000 11.690
7500.000 9.578
7510.000 8.797
7520.000 7.542
7530.000 7.091
7540.000 6.371
7550.000 6.078
7560.000 5.626
7570.000 5.280
7580.000 5.149
7590.000 4.946
7600.000 4.872
7610.000 4.776
7620.000 4.746
7630.000 4.759
7640.000 4.832
7650.000 4.896
7660.000 5.089
7670.000 5.398
7680.000 5.591
7690.000 6.114
7700.000 6.462
7710.000 7.378
7720.000 8.754
7730.000 9.698
7740.000 12.327
7750.000 14.093
7760.000 18.108
7770.000 19.282
7780.000 17.327
7790.000 12.080
7800.000 10.204
7810.000 7.706
7820.000 6.153
7830.000 5.597
7840.000 4.755
7850.000 4.438
7860.000 3.943
7870.000 3.597
7880.000 3.462
7890.000 3.258
7900.000 3.192
7910.000 3.097
7920.000 3.086
7930.000 3.103
7940.000 3.212
7950.000 3.306
7960.000 3.592
7970.000 4.069
7980.000 4.400
7990.000 5.215
8000.000 5.626
8010.000 5.868
8020.000 4.637
8030.000 3.785
8040.000 2.509
8050.000 2.159
8060.000 1.780
8070.000 1.332
8080.000 1.155
8090.000 0.896
8100.000 0.786
8110.000 0.596
8120.000 0.535
8130.000 0.423
8140.000 0.382
8150.000 0.416
8160.000 0.461
8170.000 0.424
8180.000 0.354
8190.000 0.300
8200.000 0.274
8210.000 0.231
8220.000 0.223
8230.000 0.198
8240.000 0.178
8250.000 0.167
8260.000 0.153
8270.000 0.142
8280.000 0.132
8290.000 0.124
8300.000 0.117
8310.000 0.103
8320.000 0.103
8330.000 0.094
8340.000 0.090
8350.000 0.087
8360.000 0.078
8370.000 0.079
8380.000 0.078
8390.000 0.069
8400.000 0.069
8410.000 0.063
8420.000 0.061
8430.000 0.057
8440.000 0.056
8450.000 0.051
8460.000 0.053
8470.000 0.048
8480.000 0.046
8490.000 0.043
8500.000 0.044
8510.000 0.039
8520.000 0.041
8530.000 0.036
8540.000 0.040
8550.000 0.039
8560.000 0.037
8570.000 0.035
8580.000 0.034
8590.000 0.037
8600.000 0.034
8610.000 0.036
8620.000 0.037
8630.000 0.037
8640.000 0.031
8650.000 0.029
8660.000 0.031
8670.000 0.030
8680.000 0.030
8690.000 0.028
8700.000 0.032
8710.000 0.028
8720.000 0.025
8730.000 0.025
8740.000 0.027
8750.000 0.025
8760.000 0.024
8770.000 0.027
8780.000 0.040
8790.000 0.048
8800.000 0.049
8810.000 0.036
8820.000 0.036
8830.000 0.031
8840.000 0.029
8850.000 0.027
8860.000 0.029
8870.000 0.024
8880.000 0.025
8890.000 0.021
8900.000 0.018
8910.000 0.017
8920.000 0.017
8930.000 0.021
8940.000 0.020
8950.000 0.024
8960.000 0.023
8970.000 0.024
8980.000 0.028
8990.000 0.029
9000.000 0.031
9010.000 0.030
9020.000 0.030
9030.000 0.024
9040.000 0.026
9050.000 0.025
9060.000 0.028
9070.000 0.027
9080.000 0.025
9090.000 0.028
9100.000 0.022
9110.000 0.026
9120.000 0.025
9130.000 0.032
9140.000 0.033
9150.000 0.029
9160.000 0.034
9170.000 0.034
9180.000 0.033
9190.000 0.033
9200.000 0.031
9210.000 0.033
9220.000 0.032
9230.000 0.035
9240.000 0.030
9250.000 0.034
9260.000 0.031
9270.000 0.031
9280.000 0.037
9290.000 0.038
9300.000 0.035
9310.000 0.038
9320.000 0.038
9330.000 0.042
9340.000 0.039
9350.000 0.041
9360.000 0.042
9370.000 0.048
9380.000 0.049
9390.000 0.047
9400.000 0.044
9410.000 0.051
9420.000 0.050
9430.000 0.053
9440.000 0.051
9450.000 0.059
9460.000 0.060
9470.000 0.062
9480.000 0.064
9490.000 0.069
9500.000 0.070
9510.000 0.078
9520.000 0.081
9530.000 0.086
9540.000 0.087
9550.000 0.096
9560.000 0.097
9570.000 0.108
9580.000 0.112
9590.000 0.117
9600.000 0.130
9610.000 0.136
9620.000 0.144
9630.000 0.154
9640.000 0.162
9650.000 0.177
9660.000 0.195
9670.000 0.207
9680.000 0.231
9690.000 0.242
9700.000 0.270
9710.000 0.305
9720.000 0.324
9730.000 0.366
9740.000 0.393
9750.000 0.454
9760.000 0.526
9770.000 0.571
9780.000 0.671
9790.000 0.736
9800.000 0.888
9810.000 1.089
9820.000 1.212
9830.000 1.534
9840.000 1.739
9850.000 2.296
9860.000 3.145
9870.000 3.730
9880.000 5.502
9890.000 6.796
9900.000 10.550
9910.000 13.177
9920.000 12.665
9930.000 10.034
9940.000 9.109
9950.000 8.004
9960.000 7.527
9970.000 7.456
9980.000 7.578
9990.000 7.763
10000.000 8.422
10010.000 9.539
10020.000 10.330
10030.000 12.594
10040.000 14.182
10050.000 18.646
10060.000 24.512
10070.000 26.828
10080.000 25.336
10090.000 21.878
10100.000 16.019
10110.000 12.588
10120.000 11.409
10130.000 9.741
10140.000 9.148
10150.000 8.279
10160.000 7.724
10170.000 7.537
10180.000 7.305
10190.000 7.250
10200.000 7.263
10210.000 7.445
10220.000 7.599
10230.000 8.039
10240.000 8.352
10250.000 9.194
10260.000 10.423
10270.000 11.240
10280.000 13.416
10290.000 14.862
10300.000 18.553
10310.000 22.655
10320.000 23.955
10330.000 22.533
10340.000 20.117
10350.000 15.333
10360.000 12.062
10370.000 10.862
10380.000 9.084
10390.000 8.420
10400.000 7.399
10410.000 6.675
10420.000 6.391
10430.000 5.959
10440.000 5.795
10450.000 5.561
10460.000 5.434
10470.000 5.414
10480.000 5.441
10490.000 5.507
10500.000 5.704
10510.000 5.848
10520.000 6.251
10530.000 6.810
10540.000 7.167
10550.000 8.034
10560.000 8.534
10570.000 9.557
10580.000 10.688
10590.000 11.504
10600.000 13.485
10610.000 14.560
10620.000 17.105
10630.000 18.332
10640.000 17.281
10650.000 13.366
10660.000 11.641
10670.000 9.142
10680.000 7.538
10690.000 6.958
10700.000 6.094
10710.000 5.758
10720.000 5.218
10730.000 4.815
10740.000 4.665
10750.000 4.440
10760.000 4.362
10770.000 4.266
10780.000 4.249
10790.000 4.271
10800.000 4.361
10810.000 4.429
10820.000 4.609
10830.000 4.920
10840.000 5.159
10850.000 5.814
10860.000 6.258
10870.000 7.420
10880.000 8.971
10890.000 9.810
10900.000 10.931
10910.000 10.780
10920.000 8.983
10930.000 6.962
10940.000 6.207
10950.000 5.076
10960.000 4.620
10970.000 3.889
10980.000 3.365
10990.000 3.169
11000.000 2.858
11010.000 2.748
11020.000 2.591
11030.000 2.523
11040.000 2.514
11050.000 2.542
11060.000 2.581
11070.000 2.733
11080.000 3.016
11090.000 3.205
11100.000 3.654
11110.000 3.855
11120.000 3.870
11130.000 3.065
11140.000 2.556
11150.000 1.764
11160.000 1.487
11170.000 1.090
11180.000 0.832
11190.000 0.734
11200.000 0.584
11210.000 0.527
11220.000 0.436
11230.000 0.364
11240.000 0.332
11250.000 0.285
11260.000 0.262
11270.000 0.230
11280.000 0.196
11290.000 0.184
11300.000 0.162
11310.000 0.156
11320.000 0.141
11330.000 0.124
11340.000 0.117
11350.000 0.111
11360.000 0.102
11370.000 0.092
11380.000 0.082
11390.000 0.080
11400.000 0.077
11410.000 0.072
11420.000 0.068
11430.000 0.065
11440.000 0.062
11450.000 0.059
11460.000 0.054
11470.000 0.052
11480.000 0.048
11490.000 0.048
11500.000 0.049
11510.000 0.046
11520.000 0.042
11530.000 0.041
11540.000 0.042
11550.000 0.038
11560.000 0.035
11570.000 0.037
11580.000 0.036
11590.000 0.034
11600.000 0.037
11610.000 0.031
11620.000 0.034
11630.000 0.029
11640.000 0.031
11650.000 0.030
11660.000 0.028
11670.000 0.029
11680.000 0.029
11690.000 0.027
11700.000 0.028
11710.000 0.026
11720.000 0.026
11730.000 0.027
11740.000 0.025
11750.000 0.024
11760.000 0.028
11770.000 0.025
11780.000 0.026
11790.000 0.025
11800.000 0.025
11810.000 0.025
11820.000 0.021
11830.000 0.024
11840.000 0.024
11850.000 0.023
11860.000 0.025
11870.000 0.021
11880.000 0.022
11890.000 0.025
11900.000 0.025
11910.000 0.021
11920.000 0.022
11930.000 0.020
11940.000 0.024
11950.000 0.024
11960.000 0.021
11970.000 0.020
11980.000 0.021
11990.000 0.025
12000.000 0.024
