$SPEC_ID:
No sample description was entered.
$SPEC_REM:
DET# 1
DETDESC# NEWTON MCB 338
AP# Maestro Version 6.06
$DATE_MEA:
11/21/2018 14:56:37
$MEAS_TIM:
4489 4498
$DATA:
0 8191
       0
       0
       0
       0
       0
       0
       0
       0
       0
       0
       0
       0
       0
       0
       0
       0
       0
       0
       0
       0
       0
       0
       0
       0
       0
       0
       0
       0
       0
       0
       0
       0
       0
       0
       0
       0
       0
       0
       0
       0
       0
       0
       0
       0
       0
       0
       0
       0
       0
       0
       2
      23
      97
     243
     354
     511
     584
     613
     620
     573
     646
     551
     552
     587
     561
     601
     503
     544
     540
     544
     562
     546
     498
     523
     489
     495
     481
     483
     490
     478
     477
     475
     504
     507
     500
     482
     465
     436
     440
     506
     444
     442
     457
     475
     473
     465
     468
     467
     500
     447
     451
     449
     449
     438
     436
     447
     447
     452
     450
     457
     468
     439
     450
     422
     456
     432
     429
     440
     411
     449
     391
     431
     417
     399
     411
     446
     376
     444
     387
     431
     412
     387
     405
     405
     419
     414
     406
     442
     433
     412
     435
     405
     435
     403
     403
     387
     405
     437
     404
     392
     427
     414
     432
     407
     430
     431
     409
     442
     441
     441
     432
     479
     525
     612
     692
     553
     459
     446
     477
     437
     494
     465
     499
     516
     526
     571
     526
     530
     547
     545
     537
     528
     543
     549
     535
     607
     603
     606
     665
     694
     695
     957
    1359
    1250
     797
     711
     929
    1584
    1973
    1391
     726
     568
     535
     699
     609
     557
     533
     612
     651
     614
     540
     554
     556
     627
     760
     845
     729
     596
     600
     539
     597
     701
     968
    1050
     943
     689
     605
     596
     710
     764
     752
     679
     584
     586
     678
     993
    1374
    1268
     975
     628
     590
     659
     684
     595
     507
     499
     452
     466
     506
     561
     670
     715
     622
     565
     476
     502
     450
     499
     443
     466
     483
     524
     463
     510
     477
     502
     459
     480
     534
     516
     449
     453
     470
     509
     502
     460
     510
     500
     524
     528
     526
     515
     536
     557
     535
     544
     515
     517
     542
     500
     535
     484
     473
     483
     501
     495
     468
     496
     477
     490
     478
     459
     532
     456
     484
     440
     484
     482
     493
     472
     486
     492
     452
     511
     513
     496
     489
     469
     476
     495
     461
     453
     483
     481
     497
     443
     496
     503
     542
     513
     478
     482
     497
     522
     469
     501
     499
     489
     462
     511
     486
     483
     464
     527
     496
     518
     497
     522
     501
     545
     517
     513
     505
     523
     526
     506
     524
     522
     498
     461
     483
     509
     629
     664
     694
     636
     569
     479
     541
     446
     519
     495
     485
     498
     494
     503
     548
     519
     547
     515
     511
     529
     535
     505
     512
     546
     519
     550
     529
     639
     579
     517
     486
     490
     515
     463
     492
     467
     529
     441
     471
     488
     449
     423
     457
     476
     419
     449
     479
     464
     452
     550
     500
     492
     513
     450
     485
     455
     457
     444
     459
     467
     447
     472
     452
     441
     470
     420
     443
     426
     435
     464
     435
     456
     449
     445
     420
     462
     437
     449
     417
     429
     418
     424
     446
     470
     451
     426
     465
     419
     400
     425
     437
     459
     454
     439
     429
     481
     467
     472
     462
     425
     438
     436
     469
     498
     788
    1307
    1810
    1736
    1137
     621
     423
     424
     412
     394
     398
     388
     390
     447
     417
     417
     383
     415
     383
     396
     464
     393
     389
     410
     432
     396
     404
     392
     395
     433
     419
     406
     382
     368
     362
     398
     374
     397
     388
     393
     390
     352
     365
     387
     363
     374
     377
     340
     356
     392
     415
     388
     342
     365
     347
     373
     301
     353
     338
     320
     329
     353
     357
     348
     328
     329
     372
     353
     328
     338
     337
     327
     326
     351
     321
     314
     314
     312
     312
     332
     326
     347
     314
     307
     302
     286
     371
     299
     339
     295
     321
     288
     315
     325
     336
     309
     305
     298
     299
     306
     289
     313
     322
     289
     336
     327
     323
     286
     294
     331
     318
     293
     307
     276
     311
     321
     310
     267
     284
     266
     291
     296
     303
     313
     297
     343
     409
     385
     342
     282
     262
     313
     301
     307
     301
     269
     318
     289
     367
     654
    1247
    1735
    1497
     841
     403
     250
     232
     265
     238
     238
     244
     271
     257
     236
     252
     273
     260
     234
     286
     219
     240
     263
     239
     264
     261
     224
     234
     212
     240
     236
     241
     242
     252
     210
     239
     297
     295
     300
     268
     256
     251
     267
     298
     344
     309
     296
     290
     237
     261
     225
     238
     244
     250
     267
     222
     243
     233
     200
     221
     224
     218
     228
     233
     216
     250
     231
     232
     250
     316
     320
     346
     293
     293
     312
     312
     287
     251
     212
     219
     232
     239
     246
     258
     296
     274
     246
     209
     199
     211
     207
     212
     209
     210
     212
     220
     220
     250
     228
     222
     232
     222
     208
     223
     256
     211
     241
     216
     234
     201
     209
     239
     219
     211
     194
     202
     216
     200
     228
     218
     212
     221
     210
     238
     204
     197
     188
     197
     204
     211
     205
     377
     985
    2102
    3094
    2837
    1514
     607
     248
     189
     175
     197
     191
     201
     196
     202
     209
     216
     191
     171
     183
     174
     198
     224
     192
     206
     146
     194
     199
     166
     198
     169
     174
     157
     156
     187
     164
     146
     163
     181
     184
     163
     174
     166
     148
     163
     185
     168
     162
     177
     172
     184
     183
     163
     191
     163
     169
     175
     136
     172
     153
     181
     149
     163
     188
     164
     183
     160
     148
     147
     182
     152
     148
     175
     198
     184
     176
     153
     180
     149
     141
     163
     183
     189
     163
     210
     183
     164
     177
     179
     163
     208
     167
     178
     142
     157
     162
     176
     170
     182
     180
     176
     162
     182
     169
     162
     172
     175
     177
     158
     176
     188
     164
     154
     158
     150
     163
     191
     164
     170
     169
     175
     145
     187
     140
     181
     168
     153
     157
     138
     158
     127
     162
     167
     160
     162
     161
     183
     178
     176
     198
     411
     874
    2176
    3895
    4856
    3662
    1963
     683
     231
     153
     138
     152
     131
     142
     107
     110
     128
     121
     119
     144
     120
     150
     123
     143
     109
     111
     131
     128
     120
     114
     127
     123
     120
     129
     104
     132
     116
     129
     132
     143
     128
     130
     126
     125
     129
     120
     121
     116
     135
     124
     130
     123
     142
     125
     124
     141
     124
     115
     142
     142
     110
     109
     108
     107
     128
     106
     133
     125
     101
     134
     122
     119
     111
     122
     159
     116
     141
     129
     123
     126
     111
     130
     123
     126
     131
     126
     135
     119
     129
     135
     142
     146
     145
     146
     160
     151
     166
     158
     126
     131
     115
     140
     137
     142
     128
     125
     119
     127
     132
     139
     126
     134
     118
     136
     116
     117
     117
     134
     131
     135
     129
     115
     112
     129
     109
     122
     127
     150
     159
     142
     138
     113
     136
     152
     135
     146
     156
     164
     131
     118
     112
     109
     137
     126
     145
     136
     151
     123
     114
     130
     116
     122
     116
     128
     127
     114
     128
     110
     154
     130
     118
     128
     108
     118
     116
     134
     124
     104
     125
     121
     115
     101
     136
     101
     136
     116
     121
     120
     143
     123
     139
     119
     124
     117
     115
     118
      99
     111
     113
     114
     119
     133
     134
     112
     100
     119
      95
     106
     101
     100
      88
      97
      96
     109
      92
     107
      79
      81
      92
      84
     100
     103
      86
      90
      94
     105
      87
      79
      77
      87
      92
      87
     103
      93
      99
     110
      97
      90
      99
     105
      96
      80
     106
      86
      97
     108
      88
      78
      89
      78
      82
      90
      94
      94
      82
      82
      80
      97
      93
      82
      94
     101
      93
      87
      85
     104
      88
      85
      97
     103
     109
      93
      82
      87
      82
      80
      87
      74
      95
      86
      84
      80
      83
      93
      91
      74
     111
      89
      90
      96
      85
      83
      70
      82
      96
      71
      73
      69
      94
      65
      91
      54
      90
      87
      93
      82
     105
      88
      77
      79
      77
      68
      78
      77
      84
      70
      81
      73
      98
      67
      72
      77
      82
      74
      77
      65
      71
      64
      76
      77
      64
      84
      85
     113
     109
      66
      64
      80
      69
      72
      57
      71
      70
      64
      57
      79
      71
      86
     106
      96
     103
      86
      71
      90
      79
      74
      69
      77
      57
      60
      79
      64
      71
      73
      79
      78
      57
      80
      64
      61
      70
      75
      79
      63
      68
      69
      70
      72
      70
      73
      54
      70
      58
      52
      54
      89
      59
      71
      62
      50
      49
      67
      69
      73
      81
      70
      67
      64
      58
      58
      72
      62
      74
      70
      78
      68
      86
      77
     100
      96
      74
     102
      74
      73
      80
      65
      72
      74
      67
      70
      72
      66
      57
      66
      59
      60
      57
      54
      61
      63
      71
      65
      64
      83
      56
      56
      53
      61
      65
      53
      61
      68
      72
      77
      59
      72
      66
      50
      60
      54
      64
      64
      72
      68
      51
      58
      65
      45
      75
      73
      66
      55
      69
      65
      68
      84
      65
      62
      56
      56
      69
      55
      63
      66
      68
      45
      55
      65
      48
      59
      56
      63
      55
      55
      72
      57
      56
      72
      64
      57
      61
      62
      64
      60
      60
      66
      69
      65
      65
      56
      56
      68
      64
      55
      54
      61
      63
      53
      51
      56
      56
      63
      61
      52
      67
      53
      59
      50
      68
      62
      56
      61
      53
      60
      72
      61
      61
      53
      50
      49
      60
      52
      69
      59
      44
      58
      56
      65
      50
      59
      40
      60
      53
      56
      49
      49
      47
      50
      69
      49
      46
      56
      49
      66
      50
      51
      50
      49
      53
      61
      54
      67
      61
      82
      55
      55
      62
      68
      65
      50
      56
      57
      52
      72
      63
      56
      64
      58
      74
      55
      67
      65
      64
      50
      54
      43
      47
      64
      55
      53
      55
      54
      56
      61
      61
      46
      54
      52
      50
      39
      48
      58
      47
      51
      62
      44
      55
      63
      49
      48
      62
      59
      61
      53
      50
      53
      61
      58
      49
      43
      53
      53
      64
      55
      58
      39
      54
      61
      55
      50
      42
      47
      55
      49
      58
      51
      47
      58
      68
      53
      71
      66
      61
      72
      76
      80
     158
     199
     399
     749
    1416
    2097
    2419
    2441
    1896
    1122
     507
     182
      66
      54
      44
      37
      49
      37
      32
      48
      47
      45
      35
      49
      33
      49
      42
      29
      43
      57
      40
      35
      37
      40
      34
      49
      42
      41
      36
      44
      37
      27
      35
      34
      42
      31
      38
      38
      47
      33
      46
      51
      37
      36
      40
      41
      58
      45
      45
      31
      32
      31
      43
      41
      39
      46
      47
      37
      51
      36
      36
      47
      35
      38
      50
      38
      32
      36
      44
      38
      30
      38
      33
      38
      35
      44
      33
      42
      31
      45
      41
      33
      43
      35
      52
      36
      51
      35
      24
      29
      28
      46
      19
      46
      42
      47
      37
      44
      50
      41
      31
      38
      38
      39
      36
      28
      40
      35
      35
      37
      41
      52
      32
      40
      32
      52
      43
      35
      48
      40
      47
      39
      30
      47
      42
      32
      55
      40
      46
      28
      39
      38
      62
      75
     100
     103
      97
      82
      72
      43
      48
      41
      30
      58
      35
      47
      41
      39
      30
      25
      33
      30
      45
      42
      33
      45
      40
      31
      34
      30
      38
      32
      31
      29
      39
      38
      40
      45
      27
      31
      38
      30
      44
      30
      51
      27
      38
      48
      35
      38
      37
      44
      29
      34
      40
      40
      51
      44
      33
      40
      30
      41
      28
      38
      29
      37
      32
      31
      39
      29
      31
      40
      40
      34
      42
      35
      31
      35
      38
      36
      34
      30
      41
      28
      33
      30
      44
      37
      34
      39
      38
      36
      44
      37
      49
      29
      42
      41
      49
      63
      61
      56
      45
      45
      36
      34
      31
      28
      37
      37
      31
      41
      40
      36
      31
      31
      31
      35
      45
      39
      38
      46
      39
      26
      40
      41
      39
      29
      41
      38
      28
      44
      40
      34
      38
      30
      45
      46
      51
      35
      39
      48
      51
      34
      38
      47
      28
      29
      31
      40
      29
      38
      28
      34
      31
      31
      27
      35
      39
      40
      38
      38
      29
      41
      43
      27
      26
      36
      33
      28
      35
      34
      25
      39
      41
      43
      41
      44
      30
      38
      30
      19
      41
      29
      37
      38
      32
      38
      38
      31
      59
      33
      41
      34
      39
      42
      60
      60
      45
      62
      43
      46
      39
      42
      32
      29
      32
      35
      34
      43
      35
      29
      52
      29
      35
      36
      31
      44
      28
      38
      33
      45
      35
      45
      45
      31
      31
      42
      33
      26
      31
      35
      29
      32
      34
      36
      40
      34
      36
      27
      35
      35
      31
      32
      39
      39
      24
      42
      40
      36
      31
      31
      32
      48
      56
      63
      70
     102
     125
     165
     215
     210
     223
     188
     119
      80
      54
      37
      38
      36
      31
      43
      32
      40
      37
      30
      26
      37
      40
      32
      41
      39
      40
      27
      34
      25
      40
      29
      27
      27
      37
      38
      42
      43
      30
      31
      37
      32
      37
      30
      40
      59
      52
      76
      71
      66
      60
      64
      45
      42
      31
      36
      29
      45
      32
      35
      44
      36
      39
      29
      32
      35
      33
      22
      26
      24
      31
      38
      31
      34
      36
      33
      29
      37
      28
      26
      29
      25
      45
      17
      32
      33
      26
      41
      26
      37
      34
      31
      26
      34
      51
      40
      50
      73
      69
      83
      82
      58
      66
      33
      39
      42
      32
      44
      35
      25
      40
      33
      32
      33
      32
      34
      27
      34
      40
      31
      34
      39
      21
      27
      46
      32
      38
      42
      35
      31
      37
      37
      32
      30
      38
      34
      42
      32
      38
      42
      37
      32
      28
      24
      23
      38
      39
      41
      41
      43
      29
      28
      27
      26
      30
      32
      32
      29
      35
      34
      24
      42
      41
      47
      32
      37
      39
      32
      47
      25
      34
      34
      35
      35
      27
      47
      35
      58
      51
      45
      44
      58
      46
      47
      30
      32
      29
      39
      27
      36
      38
      30
      37
      29
      27
      29
      30
      41
      30
      24
      38
      28
      22
      31
      30
      32
      26
      39
      40
      36
      38
      29
      30
      33
      30
      34
      33
      35
      38
      49
      34
      38
      36
      18
      31
      27
      33
      48
      30
      39
      33
      41
      38
      35
      32
      34
      33
      31
      27
      34
      42
      27
      34
      34
      30
      26
      36
      25
      42
      35
      24
      38
      27
      28
      38
      44
      37
      41
      34
      26
      36
      37
      47
      37
      33
      43
      35
      41
      46
      34
      28
      37
      38
      34
      36
      33
      32
      42
      36
      29
      31
      38
      39
      27
      31
      34
      31
      38
      31
      40
      29
      39
      41
      34
      25
      36
      38
      26
      41
      38
      29
      34
      34
      34
      29
      29
      35
      25
      30
      39
      36
      36
      39
      39
      46
      30
      38
      38
      37
      40
      29
      36
      35
      48
      36
      49
      32
      34
      38
      27
      47
      28
      33
      35
      29
      32
      27
      50
      38
      29
      42
      33
      31
      43
      36
      36
      22
      29
      44
      39
      29
      32
      34
      41
      30
      30
      23
      37
      37
      39
      37
      31
      40
      29
      33
      30
      42
      32
      25
      30
      35
      35
      38
      36
      38
      34
      31
      24
      45
      30
      29
      22
      38
      37
      28
      34
      34
      36
      35
      27
      29
      29
      32
      30
      23
      29
      32
      28
      33
      25
      27
      31
      25
      35
      38
      16
      32
      27
      27
      37
      37
      48
      46
      69
     105
      98
     102
     100
     113
      77
      69
      61
      41
      27
      33
      28
      28
      36
      32
      28
      21
      19
      21
      25
      25
      24
      23
      35
      35
      39
      27
      32
      26
      31
      32
      26
      29
      21
      32
      24
      22
      11
      26
      36
      28
      26
      24
      21
      30
      22
      27
      31
      25
      34
      21
      25
      24
      22
      29
      27
      25
      32
      21
      24
      41
      22
      31
      21
      24
      23
      26
      37
      25
      26
      26
      14
      26
      36
      37
      23
      23
      19
      40
      30
      30
      35
      22
      31
      32
      36
      31
      28
      28
      23
      28
      26
      20
      30
      23
      39
      24
      27
      29
      20
      29
      25
      24
      26
      27
      28
      22
      29
      21
      22
      28
      26
      22
      32
      23
      22
      23
      37
      30
      31
      23
      26
      28
      20
      19
      26
      22
      34
      42
      29
      29
      26
      25
      23
      35
      23
      21
      25
      27
      34
      34
      24
      25
      24
      29
      22
      36
      20
      23
      22
      22
      26
      34
      28
      25
      24
      25
      37
      27
      37
      25
      24
      24
      25
      32
      43
      49
      45
      37
      48
      48
      42
      36
      30
      28
      28
      27
      22
      30
      26
      26
      24
      30
      27
      20
      27
      39
      20
      29
      25
      29
      20
      20
      25
      24
      24
      22
      27
      23
      23
      25
      28
      18
      22
      27
      20
      24
      30
      23
      24
      24
      23
      27
      29
      22
      20
      22
      18
      24
      29
      20
      26
      17
      32
      21
      24
      30
      16
      18
      12
      22
      24
      20
      19
      14
      27
      27
      19
      24
      26
      27
      30
      15
      18
      18
      28
      21
      25
      26
      27
      28
      27
      19
      20
      23
      24
      21
      23
      26
      15
      22
      20
      16
      20
      19
      20
      25
      16
      23
      28
      17
      29
      32
      13
      10
      26
      22
      26
      20
      25
      18
      21
      17
      30
      29
      28
      30
      23
      16
      18
      18
      30
      23
      26
      27
      40
      36
      30
      22
      25
      21
      12
      14
      17
      18
      26
      12
      20
      14
      26
      24
      19
      27
      25
      22
      15
      22
      23
      24
      19
      19
      21
      24
      18
      24
      12
      17
      13
      18
      20
      19
      24
       8
      23
      22
      21
      27
      24
      27
      33
      21
      27
      15
      25
      16
      17
      14
      23
      20
      18
      18
      14
      24
      22
      17
      19
      14
      23
      30
      26
      14
      25
      17
      17
      16
      24
      16
      22
      23
      21
      14
      24
      20
      17
      24
      29
      24
      18
      26
      16
      23
      22
      26
      19
      21
      19
      26
      24
      15
      20
      18
      19
      24
      14
      22
      22
      17
      21
      18
      28
      16
      15
      33
      19
      19
      28
      23
      22
      12
      30
      14
      17
      27
      19
      20
      22
      20
      18
      22
      24
      21
      18
      25
      25
      23
      19
      21
      27
      25
      18
      21
      21
      21
      18
      26
      20
      17
      24
      24
      20
      14
      23
      22
      22
      14
      25
      21
      18
      21
      20
      27
      21
      27
      34
      27
      29
      34
      46
      68
      98
     142
     218
     251
     304
     346
     351
     337
     259
     212
     131
      58
      51
      26
      24
      20
      18
      22
      13
      22
      20
      13
      25
      22
      28
      24
      19
      17
      21
      21
      18
      19
      19
      20
      28
      27
      18
      35
      23
      26
      21
      29
      29
      23
      15
      23
      19
      19
      24
      27
      11
      31
      15
      17
      19
      17
      16
      13
      14
      20
      15
      19
      28
      21
      32
      14
      17
      20
      14
      13
      20
      21
      22
      21
      22
      19
      27
      18
      14
      15
      27
      22
      19
      27
      20
      22
      17
      26
      33
      32
      70
      50
      46
      48
      51
      41
      34
      21
      26
      18
      23
      16
      18
      13
      17
      15
      12
       6
      17
      16
      19
      28
      21
      19
      17
      22
      20
      17
      19
      20
      15
      15
      12
      13
      21
      10
      20
      15
      16
      26
      28
      23
      11
      19
      16
      22
      15
      12
      21
      19
      12
      10
      14
      13
      19
      18
      17
      19
      14
      15
      16
      19
      14
      20
      22
      23
      27
      29
      27
      25
      27
      19
      21
      22
      19
      25
      18
      25
      19
      14
      15
      16
      16
      20
      21
      16
      17
      16
      15
      20
      13
      18
      19
      15
      24
      14
      18
      10
      12
      13
      20
      20
      16
      17
      11
      18
      24
      19
      11
      27
      20
      20
      21
      25
      19
      18
      12
      25
      11
      17
      26
       5
      12
      19
      15
      20
      22
      28
      19
      17
      16
      20
      22
      28
      27
      31
      23
      15
      15
      11
      15
      15
      20
      16
      13
      22
      18
      17
      18
      16
      14
      12
      15
      15
      19
      18
      16
      14
      11
      10
      14
      22
      19
      17
      19
      20
      13
      10
      20
      14
      13
      12
       8
      11
      16
      16
      24
      16
      14
      17
      10
      14
      15
      18
      16
      17
      18
      15
      20
      18
      12
      16
      15
      22
      18
      12
      19
      24
      22
      24
      24
      24
      55
      55
      80
      94
     115
     129
     141
     126
     118
      92
      70
      51
      46
      18
      22
      23
      16
      20
      17
      11
      11
      20
      17
      17
      11
      23
      23
      18
      17
      13
       9
       8
      15
      21
      18
      14
      19
      15
      15
      26
      16
      18
      13
      20
      13
      20
      18
       9
      20
      21
      17
      11
      16
      13
      15
      14
      12
      13
      17
      15
      20
      18
      12
      14
      15
      13
      13
      11
      16
      11
      10
      14
      13
      14
      18
      11
      17
      17
      14
      16
      12
      11
      15
      15
      19
       7
      14
      11
      12
      18
      16
      13
       9
      13
      18
      15
      11
       8
      11
      18
      12
      17
      13
      17
      24
      17
      14
      23
      23
      37
      23
      30
      31
      41
      37
      37
      30
      30
      20
      13
      19
      12
      13
      13
      10
      18
      14
      10
      16
      11
      11
      15
      10
       8
      18
      12
      11
       8
      14
      15
      20
      13
      12
      14
       7
      18
      14
      14
      10
       7
      16
      19
      11
      11
      16
      10
      12
      12
      11
      14
      18
      10
      17
      10
       9
      14
      14
      20
      19
      18
      14
      16
      19
      16
      21
      21
      12
      16
      12
      17
      13
      14
      15
       8
      16
      11
      21
      17
      12
      12
      15
      14
      15
       9
      17
      16
      16
       9
      10
      15
      12
      19
      17
      12
      13
      12
      14
      10
      12
      16
      12
      13
      16
      12
       7
      14
      12
      16
      17
      15
      12
      14
      20
      13
      14
      13
      11
      16
      11
      22
      13
      10
      15
      13
      13
      10
      15
      17
      18
      13
      10
      12
      18
      13
      13
      13
      12
      16
      18
      11
      11
      13
      15
       8
      14
      24
      16
      13
      10
      16
      14
      15
      19
      10
      11
      15
      17
      18
      17
      12
      14
       5
      17
       8
      15
      15
      15
      11
      15
      17
      11
      11
      11
      15
      18
      15
       8
       8
      14
      12
       9
      23
      13
       8
      14
      12
       8
      16
      11
      15
      16
       7
       8
      22
      17
      15
      10
       9
       9
       4
      16
      14
      14
      21
      15
      15
      10
      18
      14
       7
      19
      10
      15
      12
       7
      12
      19
      15
       9
       9
      10
      17
      18
      17
       8
      16
      14
      16
      18
      14
       9
      16
      15
      26
      13
      25
      29
      48
      40
      55
      83
      55
      60
      77
      78
      72
      56
      43
      27
      23
      18
      12
      16
      15
      12
      24
      17
      17
      21
      31
      30
      27
      25
      17
      30
      24
      19
      17
      10
      18
       9
      18
      16
      13
      20
      13
      10
      12
       8
       9
      13
      11
      14
      15
      15
      17
      13
      16
      11
      10
      16
      19
      17
      17
      14
      17
      20
      23
      23
      34
      34
      34
      39
      32
      25
      27
      30
      25
      20
      19
      18
      14
      27
      37
      43
      44
      27
      51
      55
      43
      55
      35
      33
      34
      13
      16
      20
      19
       8
      12
      11
      13
      14
      20
       8
      17
      14
      19
       7
       6
      14
      14
       8
       9
      10
      10
      14
       8
      12
      16
      15
      13
      22
      12
      16
       9
      18
      10
      21
      23
      22
      16
      13
      13
      23
      17
      19
      14
      11
      16
      12
      15
      10
      18
      15
      16
      13
      12
      12
       8
      18
      17
      10
       8
       8
      10
      14
      14
      19
      18
      16
      12
      12
      11
      13
      14
      18
      14
      14
       6
      16
      18
      10
       7
       9
      12
      15
      16
      17
      13
      20
      12
      15
      11
      12
      24
      20
      12
      10
      15
      14
      16
      14
      10
      14
      19
      12
      11
      10
      19
      15
      25
      14
       9
      13
      13
       9
      16
      19
      14
      14
      14
      18
      21
      20
      19
      31
      23
      18
      26
      25
      20
      22
      25
      16
      15
      19
      17
      15
      11
       8
      14
      13
      13
       8
      11
      13
       9
      22
      19
      14
      12
      15
      17
      13
      16
      19
      13
      16
      18
      17
      19
      15
      19
      16
      18
      20
      13
      21
      17
      13
      12
      21
      16
      11
      11
      16
      22
      12
      15
      11
      14
      15
      13
      13
      16
      13
       9
      13
      16
      19
      10
      17
      16
      12
      12
      10
      14
      15
      14
      11
       9
      18
      16
      13
      23
      12
      10
      17
      13
      20
      13
      16
      16
      21
      11
      12
      16
      18
      21
      19
      18
      12
      16
      18
      16
      18
      12
      11
      19
      26
      17
      10
      13
      20
      14
      16
      15
      20
      24
      28
      23
      19
      17
      34
      37
      45
      49
      50
      41
      45
      41
      43
      34
      26
      20
      18
      12
      11
      16
      12
      12
      13
       8
      10
      15
      14
      21
       9
      16
      15
      19
      10
      14
      11
      11
      10
      12
      17
      18
      12
      14
       9
      12
      16
      14
      17
      10
      14
      17
      13
      12
      16
      16
      11
      23
      16
       9
       9
      11
      24
      18
      15
      18
      21
      15
      16
      26
      17
      11
      12
      13
       9
      14
      16
      18
      14
      22
      16
      17
      20
      23
      14
      13
      14
      17
      19
      19
      16
      17
      19
      19
       9
      16
      14
      13
      14
      11
      11
      11
      11
       8
      13
       7
      10
      14
       6
      12
      15
      11
       9
       8
       7
       7
      13
       7
      10
       7
      14
       6
       8
      13
      13
      10
       8
      14
       9
       9
      17
       7
       8
      19
       9
      12
       8
       7
      18
      13
       7
       7
      11
      15
      12
       8
      11
      12
      13
      11
      11
      11
       7
       9
      13
       8
       5
       6
      10
      13
      12
       9
       7
      12
       7
      14
      16
      12
      10
      10
      13
       8
      11
      13
       8
       7
      10
       9
       8
      11
      10
      16
      13
       3
      15
       9
       9
      11
      14
      15
      16
      20
      21
      11
      19
      15
      21
      24
      17
       9
      12
       9
       7
      11
      11
       9
       8
      12
       6
      13
       2
      11
       7
       7
      12
      13
      12
      13
      14
      10
      12
       9
       5
      13
      12
      18
      15
      14
       5
      10
      14
       8
      14
      13
      11
      12
      15
      13
      10
       8
      12
       9
      11
       6
       8
      10
       7
       9
      11
       6
       5
      11
       8
       9
       9
      13
       8
       7
       8
      11
      12
      12
       5
       7
       8
       7
       5
       6
      11
       5
       6
       6
       8
       6
       4
       8
      11
       7
      12
      12
      13
       3
       7
       7
       4
       3
       6
       9
       8
       9
       4
       7
       4
      10
       3
      11
      15
       5
       7
       8
       5
       8
      11
       6
       5
      17
       7
       6
       5
       7
       6
       6
       8
       9
       5
       3
       6
       8
       8
       4
       6
       3
       7
       9
       2
       4
       7
       6
       8
       6
       4
       8
       4
       4
       3
       5
       5
       3
       6
       2
       5
       5
       5
       6
       7
       7
       3
       8
       7
       8
       2
       7
       5
       8
       4
       5
       1
       3
       3
       2
       2
       6
       3
       7
       1
       5
       5
       6
       4
      11
       6
       7
       6
       6
       3
       6
       6
       7
       9
       5
       8
       9
       7
      10
      14
      13
      16
      13
      18
      17
      11
      17
      16
       7
      16
       4
       5
       7
       7
       2
       6
       5
       5
       3
       5
       8
       6
       2
       7
       5
       4
       3
       9
       6
       5
       7
       4
       8
       4
       8
       7
       3
       4
       9
       3
       4
       5
       5
       1
       4
       6
       4
       7
       5
       6
       7
       6
       6
       4
       5
      10
       6
       6
       9
       7
      11
       5
       6
      10
       7
       7
       9
       4
       8
       3
       4
      10
       5
       8
      10
       5
       3
       5
       7
       7
       9
       6
       6
      10
      10
       4
       7
       5
       4
       2
       2
       4
       8
       3
       7
       5
       3
       5
       4
       8
       6
       5
       2
      10
       3
       3
       5
       4
       1
       5
       5
       5
       4
       6
       6
       1
       5
       3
       1
       4
       3
       4
       5
       2
       5
       4
       3
       6
       3
       5
       8
       6
       4
       5
       2
       1
       5
       1
       5
       4
       4
       5
       3
       4
       3
       4
       4
       1
       5
       3
       2
       5
       4
       3
       5
       7
       5
       5
       5
       4
       8
       9
       8
      14
       5
      13
      18
      15
      23
      30
      27
      38
      28
      37
      31
      32
      46
      24
      23
      15
      12
       9
       9
       5
       2
       4
       5
       4
       3
       6
       4
       2
       4
       6
       2
       4
       2
       4
       5
       5
       3
       3
       2
       5
       2
       6
       3
       2
       3
       3
       1
       3
       4
       8
       7
       4
       3
       1
       0
       4
       5
       5
       5
       5
       3
       6
       3
       6
       5
       4
       6
       5
       4
       4
       0
       6
       3
       5
       8
       8
       7
       3
       9
       6
      11
      14
      14
      12
      21
      18
      27
      31
      58
      72
      86
     138
     121
     151
     147
     151
     164
     140
     172
     132
     114
      89
      66
      32
      13
       7
       8
       7
       7
       5
       3
       2
       4
       6
       2
       2
       2
       2
       5
       3
       2
       1
       8
       2
       5
       5
       1
       4
       3
       4
       4
       4
       4
       6
       3
       7
       3
       2
       2
       5
       2
       2
       5
       3
       5
       3
       4
       5
       3
       1
       2
       3
       0
       2
       4
       1
       6
       3
       6
       4
       5
       1
       3
       5
       5
       2
       3
       4
       4
       1
       1
       2
       4
       1
       0
       2
       6
       2
       0
       3
       2
       2
       2
       1
       1
       2
       6
       3
       4
       5
       1
       1
       1
       0
       0
      12
       7
       0
       1
       4
       2
       3
       6
       8
       2
       0
       4
       5
       3
       1
       3
       7
       1
       5
       2
       5
       7
       3
       3
       3
       3
       1
       3
       1
       3
       2
       6
       5
       5
       1
       3
       2
       2
       3
       4
       6
       4
       3
       6
       7
       4
       2
       1
       3
       3
       3
       3
       3
       8
       3
       2
       3
       4
       2
       1
       1
       3
       5
       2
       4
       4
       3
       2
       4
       7
       2
       5
       2
       3
       4
       4
       3
       7
       4
       2
       8
       2
       5
       6
       7
       2
       8
       9
       2
       3
       4
       5
      11
       6
       4
       7
       8
      12
       8
      12
      12
      19
      10
      21
      18
      16
      22
      27
      24
      21
      21
      12
      16
      16
       7
      11
       4
       6
       7
       2
       4
       4
       6
       0
       4
       3
       3
       4
       1
       3
       5
       3
       4
       6
       2
       2
       2
       4
       2
       7
       3
       2
       5
       1
       1
       1
       3
       3
       1
       2
       3
       1
       4
       1
       2
       3
       1
       3
       2
       5
       3
       3
       4
       6
       3
       3
       4
       2
       0
       5
       6
       0
       2
       2
       4
       3
       2
       6
       6
       7
       2
       6
       4
       3
       2
       3
       5
       2
       7
       0
       4
       1
       7
       3
       5
       4
       2
       2
       3
       3
       1
       2
       1
       2
       2
       6
       6
       4
       3
       1
       4
       2
       1
       3
       5
       4
       2
       1
       6
       5
       2
       3
       8
       3
       8
       2
       4
       3
       3
       7
       0
       5
       4
       2
       6
       4
       3
       4
       6
       1
       3
       4
       4
       2
       2
       3
       3
       5
       5
       5
       2
       2
       2
       3
       3
       7
       7
       2
       7
       7
       4
       5
       3
       3
       4
       2
       2
       2
       2
       2
       4
       5
       2
       6
       3
       4
       0
       2
       3
       0
       2
       1
       3
       5
       6
       3
       1
       4
       2
       4
       3
       0
       5
       7
       4
       3
       1
       8
       2
       3
       4
       2
       2
       2
       2
       2
       7
       4
       4
       4
       0
       3
       3
       5
       4
       3
       6
       3
       3
       6
       3
      11
       5
       3
       4
       6
       4
       6
       5
       7
       6
       3
       3
       7
       5
       2
       4
       8
       1
       6
       1
       5
       4
       5
       6
       5
       4
       2
       4
       2
       3
       2
       2
       4
       3
       5
       3
       5
       6
       1
       5
       4
       1
       3
       3
       2
       8
       1
       3
       3
       4
       5
       1
       3
       5
       4
       4
       1
       5
       8
       2
       5
       1
       0
       2
       3
       1
       3
       4
       7
       7
       2
       5
       4
       5
       6
       2
       4
       4
       2
       7
       5
       5
       4
       1
       4
       2
       3
       5
       2
       5
       3
       5
       0
       3
       3
       3
       4
       2
       3
       4
       3
       4
       5
       0
       1
       2
       4
       1
       1
       3
       0
       4
       4
       2
       0
       1
       4
       1
       2
       4
       4
       4
       2
       2
       3
       3
       4
       2
       2
       0
       1
       2
       3
       2
       3
       1
       2
       3
       4
       1
       1
       4
       2
       0
       2
       3
       5
       2
       1
       4
       3
       3
       1
       2
       3
       0
       4
       2
       0
       1
       3
       3
       2
       3
       1
       0
       5
       2
       2
       0
       1
       1
       6
       1
       3
       2
       3
       3
       1
       1
       3
       3
       0
       1
       4
       2
       3
       1
       5
       5
       4
       1
       3
       1
       1
       2
       1
       4
       5
       3
       5
       4
       8
       1
       4
       3
       1
       3
       4
       2
       4
       3
       1
       2
       0
       5
       3
       1
       0
       6
       5
       4
       3
       3
       4
       0
       1
       1
       2
       0
       1
       7
       1
       2
       1
       1
       0
       2
       3
       3
       0
       0
       2
       5
       2
       2
       1
       1
       0
       2
       3
       5
       2
       3
       0
       4
       4
       4
       6
       2
       3
       2
       2
       3
       1
       1
       3
       2
       1
       0
       2
       3
       1
       2
       3
       1
       0
       3
       3
       1
       5
       3
       2
       5
       2
       2
       2
       2
       2
       1
       1
       1
       0
       1
       6
       2
       2
       3
       1
       1
       0
       2
       0
       3
       1
       1
       0
       1
       2
       0
       1
       4
       1
       0
       2
       4
       2
       1
       2
       2
       3
       0
       4
       3
       2
       0
       2
       1
       3
       1
       2
       0
       4
       4
       2
       1
       1
       0
       4
       2
       1
       1
       2
       0
       0
       1
       1
       2
       1
       1
       5
       2
       0
       3
       0
       2
       1
       1
       1
       1
       2
       1
       2
       2
       1
       1
       1
       3
       2
       2
       1
       2
       1
       4
       2
       1
       4
       0
       2
       0
       5
       0
       1
       3
       1
       0
       1
       2
       2
       2
       1
       2
       1
       1
       0
       1
       1
       1
       0
       0
       2
       0
       0
       1
       1
       2
       0
       2
       0
       0
       4
       1
       1
       2
       1
       0
       1
       1
       2
       0
       2
       0
       1
       0
       0
       1
       0
       1
       2
       1
       3
       2
       2
       1
       1
       2
       0
       1
       0
       0
       2
       3
       0
       5
       3
       3
       1
       4
       4
       3
       5
       3
       6
       3
       5
      10
      10
       8
       9
      13
       9
      10
      12
      14
      10
       7
       1
       2
       0
       1
       0
       2
       0
       0
       0
       2
       0
       1
       1
       3
       0
       1
       1
       3
       3
       1
       1
       2
       1
       3
       1
       0
       0
       0
       0
       0
       3
       3
       0
       0
       1
       0
       1
       0
       0
       2
       0
       2
       0
       0
       1
       1
       0
       2
       0
       0
       0
       1
       0
       2
       0
       0
       2
       1
       0
       1
       1
       0
       1
       2
       0
       0
       3
       1
       0
       1
       3
       1
       1
       0
       0
       1
       0
       0
       1
       2
       2
       1
       1
       1
       1
       0
       3
       0
       1
       1
       0
       0
       1
       1
       0
       0
       3
       0
       0
       0
       2
       2
       3
       1
       0
       0
       0
       1
       2
       1
       0
       0
       1
       2
       2
       2
       0
       1
       0
       0
       0
       0
       1
       0
       3
       0
       0
       0
       1
       0
       0
       1
       1
       1
       1
       3
       1
       0
       1
       0
       1
       2
       1
       4
       3
       2
       0
       0
       1
       0
       2
       2
       0
       0
       3
       2
       1
       1
       3
       0
       1
       1
       2
       0
       0
       2
       0
       2
       3
       3
       0
       1
       1
       2
       1
       1
       4
       3
       1
       3
       1
       3
       1
       1
       3
       0
       2
       2
       2
       2
       5
       6
       4
       8
       9
       6
      15
      19
      21
      20
      27
      28
      28
      28
      32
      37
      38
      33
      27
      34
      19
      30
      17
       7
       6
       2
       3
       1
       2
       1
       2
       1
       0
       1
       1
       3
       1
       1
       0
       0
       0
       0
       3
       1
       1
       2
       1
       1
       1
       2
       1
       0
       1
       0
       1
       0
       1
       1
       1
       0
       2
       0
       0
       0
       0
       0
       1
       2
       0
       0
       2
       1
       0
       0
       0
       2
       3
       0
       1
       0
       1
       2
       2
       0
       0
       0
       1
       1
       0
       1
       2
       2
       0
       0
       0
       0
       0
       0
       0
       1
       0
       1
       0
       0
       0
       0
       0
       1
       0
       1
       2
       1
       0
       1
       0
       0
       0
       0
       1
       2
       0
       0
       1
       1
       0
       0
       1
       2
       3
       1
       2
       1
       0
       0
       1
       2
       1
       3
       0
       1
       0
       0
       0
       0
       0
       0
       0
       0
       1
       1
       1
       0
       0
       1
       1
       0
       1
       1
       0
       1
       1
       0
       0
       1
       1
       0
       0
       0
       0
       0
       2
       2
       2
       0
       1
       0
       2
       0
       0
       0
       1
       0
       0
       0
       0
       0
       0
       1
       1
       0
       0
       0
       1
       1
       0
       1
       1
       0
       0
       2
       1
       1
       0
       0
       0
       0
       1
       3
       0
       0
       0
       1
       0
       0
       0
       1
       0
       2
       0
       1
       1
       1
       0
       0
       1
       0
       0
       3
       0
       2
       2
       1
       2
       2
       0
       3
       5
       4
       3
       2
       3
       3
       5
       1
       0
       1
       0
       2
       0
       0
       1
       0
       0
       0
       0
       0
       2
       0
       0
       1
       0
       0
       0
       0
       1
       0
       0
       1
       0
       0
       0
       1
       2
       1
       2
       0
       1
       2
       1
       0
       0
       0
       1
       0
       0
       0
       0
       0
       1
       2
       1
       1
       0
       0
       0
       1
       0
       0
       2
       0
       0
       0
       0
       0
       0
       0
       1
       0
       1
       1
       0
       1
       0
       1
       0
       3
       0
       2
       0
       0
       0
       0
       1
       0
       0
       1
       0
       0
       0
       0
       2
       2
       0
       1
       1
       1
       0
       0
       0
       1
       0
       1
       0
       0
       0
       0
       0
       1
       1
       1
       0
       0
       1
       0
       1
       0
       0
       0
       0
       0
       0
       0
       0
       1
       0
       1
       0
       0
       0
       0
       1
       0
       0
       0
       0
       0
       1
       0
       0
       1
       0
       0
       0
       0
       0
       0
       0
       0
       2
       0
       0
       1
       0
       0
       1
       0
       0
       0
       0
       0
       1
       0
       0
       0
       1
       0
       0
       1
       0
       2
       0
       1
       1
       0
       0
       0
       0
       1
       1
       0
       0
       0
       0
       0
       0
       1
       0
       0
       0
       0
       1
       0
       0
       0
       0
       1
       0
       0
       0
       0
       0
       0
       2
       1
       0
       1
       0
       2
       0
       1
       2
       1
       0
       0
       0
       0
       0
       0
       0
       0
       0
       0
       0
       0
       0
       0
       1
       0
       0
       0
       0
       1
       1
       0
       0
       0
       0
       0
       0
       1
       1
       0
       0
       0
       0
       0
       1
       0
       0
       0
       0
       0
       0
       2
       0
       1
       0
       1
       0
       0
       0
       0
       0
       0
       0
       1
       1
       0
       1
       0
       0
       1
       0
       0
       0
       1
       0
       0
       0
       1
       0
       0
       0
       0
       0
       0
       2
       0
       0
       0
       0
       0
       1
       0
       0
       1
       0
       0
       1
       0
       1
       0
       0
       1
       0
       0
       0
       1
       0
       0
       0
       0
       0
       0
       0
       0
       0
       0
       1
       0
       0
       1
       0
       1
       0
       0
       0
       0
       0
       0
       0
       0
       0
       0
       0
       0
       0
       0
       0
       0
       1
       0
       0
       0
       0
       0
       0
       0
       1
       1
       0
       0
       1
       0
       1
       0
       2
       0
       0
       0
       0
       1
       1
       2
       0
       1
       0
       3
       6
       5
       2
       5
       9
       5
      10
      11
       4
       8
       6
      15
       7
      10
       9
       7
      10
      12
       5
       4
       3
       2
       1
       1
       2
       0
       0
       0
       0
       0
       0
       0
       0
       0
       0
       0
       0
       1
       0
       0
       1
       0
       0
       0
       0
       0
       0
       0
       1
       1
       1
       0
       0
       0
       0
       0
       1
       0
       1
       0
       0
       0
       0
       0
       0
       0
       0
       0
       0
       0
       0
       0
       0
       0
       0
       0
       0
       0
       1
       1
       0
       0
       0
       1
       1
       0
       1
       0
       0
       1
       0
       0
       0
       0
       0
       0
       0
       0
       1
       1
       0
       0
       0
       0
       0
       0
       0
       0
       0
       0
       0
       0
       0
       0
       0
       0
       0
       1
       0
       0
       0
       0
       0
       0
       0
       0
       0
       0
       0
       1
       0
       0
       1
       2
       1
       2
       0
       0
       1
       0
       0
       0
       0
       0
       0
       0
       0
       0
       0
       0
       0
       0
       1
       0
       0
       0
       0
       0
       0
       0
       0
       1
       0
       0
       0
       0
       0
       0
       0
       0
       1
       0
       0
       0
       0
       0
       0
       1
       1
       0
       0
       1
       1
       0
       1
       0
       0
       0
       0
       1
       1
       0
       1
       1
       0
       0
       0
       0
       1
       0
       0
       0
       0
       0
       0
       0
       0
       0
       0
       0
       0
       0
       0
       0
       0
       0
       0
       0
       0
       0
       0
       0
       0
       0
       0
       0
       0
       0
       0
       0
       0
       0
       0
       0
       0
       0
       0
       0
       0
       0
       0
       0
       0
       0
       0
       0
       0
       1
       0
       0
       0
       0
       0
       0
       0
       0
       0
       0
       0
       0
       0
       1
       0
       0
       0
       0
       0
       0
       0
       0
       0
       0
       0
       0
       1
       0
       0
       0
       0
       0
       1
       0
       0
       0
       0
       0
       0
       0
       0
       0
       0
       0
       0
       0
       0
       0
       0
       0
       0
       0
       0
       0
       0
       0
       0
       0
       0
       0
       0
       0
       0
       0
       0
       0
       0
       0
       0
       0
       1
       0
       0
       0
       1
       0
       0
       0
       1
       0
       0
       0
       0
       0
       0
       0
       0
       1
       0
       0
       0
       0
       0
       0
       0
       0
       0
       1
       0
       0
       0
       0
       0
       0
       0
       0
       0
       0
       0
       0
       0
       0
       0
       0
       0
       0
       0
       0
       0
       0
       0
       0
       0
       0
       0
       1
       0
       0
       0
       0
       0
       0
       0
       0
       0
       0
       0
       1
       0
       0
       0
       0
       0
       0
       0
       0
       0
       0
       1
       0
       0
       0
       1
       0
       0
       1
       0
       1
       0
       1
       0
       0
       0
       0
       0
       0
       0
       1
       2
       0
       1
       1
       1
       1
       2
       2
       1
       2
       2
       1
       2
       2
       1
       2
       0
       0
       1
       1
       0
       0
       0
       0
       0
       0
       0
       0
       0
       0
       0
       0
       0
       0
       0
       0
       0
       0
       0
       0
       0
       0
       0
       0
       0
       1
       0
       0
       0
       0
       0
       1
       0
       0
       0
       0
       0
       0
       0
       0
       1
       0
       2
       0
       0
       0
       0
       0
       0
       0
       0
       0
       0
       0
       0
       0
       0
       0
       1
       0
       0
       0
       0
       0
       0
       0
       0
       0
       0
       0
       0
       0
       0
       0
       0
       0
       0
       0
       0
       0
       0
       0
       0
       0
       0
       0
       0
       0
       1
       0
       0
       1
       0
       0
       0
       0
       0
       0
       0
       0
       0
       0
       1
       0
       0
       0
       0
       0
       0
       1
       0
       0
       0
       0
       0
       0
       0
       0
       0
       1
       0
       0
       0
       0
       0
       0
       0
       0
       0
       1
       0
       0
       0
       0
       1
       0
       0
       0
       0
       0
       0
       0
       0
       0
       0
       0
       0
       0
       0
       0
       0
       0
       0
       0
       1
       0
       0
       0
       0
       0
       0
       0
       0
       0
       0
       0
       0
       0
       0
       0
       0
       0
       0
       0
       0
       0
       0
       0
       0
       0
       0
       0
       0
       0
       0
       0
       0
       0
       0
       2
       0
       0
       0
       0
       0
       0
       0
       0
       1
       0
       0
       0
       1
       0
       0
       0
       0
       0
       0
       0
       0
       0
       0
       0
       0
       0
       0
       0
       0
       0
       0
       0
       0
       0
       0
       0
       0
       0
       0
       0
       0
       0
       1
       0
       0
       0
       0
       0
       0
       0
       0
       0
       0
       0
       0
       0
       1
       0
       0
       0
       0
       0
       0
       0
       0
       0
       0
       0
       0
       0
       0
       0
       0
       0
       0
       0
       0
       0
       0
       0
       0
       0
       0
       0
       0
       1
       0
       0
       0
       1
       0
       0
       0
       0
       0
       0
       0
       0
       0
       0
       0
       0
       0
       0
       0
       0
       1
       0
       0
       0
       0
       0
       0
       0
       0
       0
       0
       0
       0
       0
       0
       0
       0
       0
       1
       0
       0
       0
       0
       0
       0
       0
       0
       0
       1
       0
       0
       0
       0
       0
       0
       0
       0
       0
       0
       0
       0
       0
       0
       0
       0
       0
       0
       0
       0
       0
       0
       1
       0
       0
       1
       0
       0
       0
       0
       0
       0
       0
       0
       0
       0
       0
       0
       0
       1
       1
       0
       0
       0
       0
       0
       0
       0
       1
       0
       1
       1
       0
       0
       0
       0
       0
       0
       0
       0
       0
       0
       0
       0
       0
       0
       0
       0
       0
       0
       0
       0
       0
       0
       0
       0
       0
       0
       0
       0
       0
       0
       0
       0
       0
       0
       0
       0
       0
       1
       0
       0
       0
       0
       0
       1
       0
       0
       0
       0
       0
       0
       0
       0
       0
       0
       0
       0
       0
       0
       0
       0
       0
       0
       0
       0
       0
       0
       0
       0
       0
       1
       0
       0
       0
       0
       0
       0
       0
       0
       0
       0
       0
       0
       0
       1
       0
       1
       0
       0
       0
       0
       0
       0
       0
       0
       0
       0
       1
       0
       0
       0
       0
       0
       0
       0
       0
       0
       0
       0
       0
       0
       0
       0
       0
       0
       1
       0
       0
       0
       0
       0
       0
       0
       0
       0
       0
       0
       0
       1
       0
       0
       0
       0
       0
       0
       0
       0
       0
       0
       0
       0
       0
       0
       0
       0
       0
       0
       0
       0
       1
       0
       0
       0
       0
       1
       0
       0
       0
       0
       0
       0
       0
       0
       1
       0
       0
       0
       0
       0
       0
       0
       0
       0
       0
       0
       0
       0
       0
       1
       0
       0
       0
       0
       0
       0
       0
       0
       1
       0
       0
       0
       0
       0
       0
       0
       0
       0
       0
       0
       0
       0
       0
       0
       0
       0
       0
       0
       0
       0
       0
       0
       0
       0
       0
       1
       0
       0
       0
       0
       0
       0
       0
       0
       0
       0
       0
       0
       0
       0
       0
       0
       0
       0
       0
       0
       0
       0
       0
       0
       0
       0
       0
       0
       0
       0
       0
       0
       0
       0
       0
       0
       0
       0
       0
       0
       0
       0
       0
       0
       0
       0
       0
       0
       0
       0
       0
       0
       0
       0
       0
       0
       0
       0
       0
       0
       0
       0
       0
       0
       0
       0
       0
       0
       0
       0
       0
       0
       1
       0
       0
       0
       0
       0
       0
       0
       0
       1
       0
       0
       1
       0
       0
       1
       0
       0
       0
       0
       0
       0
       1
       0
       0
       0
       0
       0
       0
       0
       0
       0
       0
       0
       0
       0
       0
       0
       0
       0
       0
       0
       0
       0
       0
       0
       0
       0
       0
       0
       0
       0
       0
       0
       0
       0
       0
       0
       0
       0
       0
       0
       0
       0
       0
       0
       0
       0
       0
       0
       0
       1
       0
       1
       0
       0
       0
       0
       1
       0
       0
       0
       1
       0
       1
       0
       0
       0
       1
       0
       0
       0
       0
       0
       0
       0
       0
       0
       0
       0
       0
       0
       0
       0
       0
       0
       0
       0
       0
       0
       0
       0
       0
       0
       0
       0
       0
       0
       0
       0
       0
       0
       0
       0
       0
       0
       0
       0
       0
       0
       0
       0
       0
       0
       0
       0
       0
       0
       0
       0
       0
       0
       0
       0
       0
       0
       0
       0
       0
       0
       0
       0
       0
       0
       0
       0
       0
       0
       0
       0
       0
       1
       0
       0
       0
       0
       0
       0
       0
       1
       0
       0
       0
       0
       0
       1
       0
       0
       0
       0
       0
       0
       0
       0
       0
       0
       0
       0
       0
       0
       0
       0
       0
       0
       0
       0
       0
       0
       0
       0
       0
       0
       0
       0
       0
       0
       0
       0
       0
       0
       0
       0
       0
       0
       0
       0
       0
       0
       0
       0
       0
       2
       0
       0
       0
       0
       0
       0
       0
       0
       1
       0
       1
       0
       0
       0
       1
       0
       0
       0
       0
       0
       0
       0
       0
       0
       0
       0
       0
       0
       0
       0
       0
       0
       0
       0
       0
       0
       0
       0
       0
       0
       0
       0
       0
       0
       0
       0
       0
       0
       0
       0
       0
       0
       0
       0
       0
       0
       0
       0
       0
       0
       0
       0
       0
       0
       0
       0
       0
       0
       0
       0
       0
       0
       0
       0
       0
       0
       1
       0
       0
       0
       0
       0
       0
       0
       0
       0
       0
       0
       0
       0
       1
       0
       0
       0
       0
       0
       0
       0
       0
       0
       0
       0
       0
       0
       0
       0
       0
       0
       0
       0
       0
       0
       0
       0
       0
       1
       0
       0
       0
       0
       0
       0
       0
       0
       0
       0
       0
       0
       0
       0
       0
       0
       0
       0
       1
       0
       0
       0
       0
       0
       0
       0
       0
       0
       0
       0
       0
       0
       0
       0
       0
       0
       0
       0
       0
       0
       0
       0
       0
       0
       0
       0
       0
       0
       0
       0
       0
       0
       0
       0
       0
       0
       0
       0
       0
       0
       0
       0
       0
       0
       0
       0
       0
       1
       0
       0
       0
       1
       0
       0
       0
       0
       0
       1
       0
       0
       0
       0
       0
       0
       1
       0
       0
       0
       0
       0
       0
       0
       0
       0
       0
       0
       0
       0
       0
       0
       0
       0
       0
       0
       0
       0
       0
       0
       0
       0
       0
       0
       0
       0
       0
       0
       0
       0
       0
       1
       0
       0
       0
       0
       0
       0
       0
       0
       1
       0
       0
       0
       0
       0
       0
       0
       0
       0
       0
       0
       0
       0
       0
       0
       0
       0
       0
       0
       0
       0
       0
       0
       0
       0
       0
       0
       0
       1
       0
       0
       0
       0
       0
       0
       0
       0
       0
       0
       0
       0
       0
       0
       0
       1
       0
       0
       0
       0
       0
       0
       0
       0
       0
       0
       1
       0
       0
       0
       0
       0
       0
       0
       0
       1
       0
       0
       0
       0
       0
       0
       0
       0
       0
       0
       0
       0
       0
       0
       0
       0
       0
       0
       0
       0
       0
       0
       0
       0
       0
       0
       0
       0
       0
       0
       0
       0
       0
       0
       0
       0
       0
       0
       0
       0
       1
       0
       0
       1
       0
       0
       0
       0
       0
       0
       0
       0
       0
       0
       0
       0
       0
       0
       0
       0
       0
       0
       0
       0
       0
       0
       0
       0
       0
       0
       0
       0
       0
       0
       0
       0
       0
       0
       0
       0
       0
       0
       0
       0
       0
       0
       0
       0
       0
       0
       0
       0
       0
       0
       0
       0
       0
       0
       1
       0
       0
       0
       0
       0
       0
       0
       0
       0
       0
       0
       0
       0
       0
       0
       0
       0
       0
       0
       0
       0
       0
       0
       0
       0
       0
       0
       0
       0
       0
       0
       0
       0
       0
       0
       0
       0
       0
       0
       0
       0
       0
       0
       0
       0
       0
       0
       0
       0
       0
       0
       0
       1
       0
       0
       0
       0
       0
       0
       0
       0
       0
       0
       0
       0
       0
       0
       0
       0
       0
       0
       0
       0
       0
       0
       0
       0
       0
       0
       0
       0
       0
       0
       0
       0
       0
       0
       0
       0
       0
       0
       0
       0
       0
       0
       0
       0
       0
       0
       0
       0
       0
       0
       0
       0
       1
       0
       0
       0
       0
       0
       0
       0
       0
       0
       0
       0
       0
       0
       0
       0
       0
       0
       0
       0
       0
       0
       0
       0
       0
       0
       0
       0
       0
       0
       0
       0
       0
       0
       0
       0
       0
       0
       0
       0
       0
       0
       0
       0
       0
       0
       0
       1
       0
       0
       0
       0
       0
       0
       0
       0
       0
       0
       0
       0
       0
       0
       0
       0
       0
       0
       0
       0
       0
       0
       0
       0
       0
       0
       0
       0
       0
       0
       0
       0
       0
       0
       0
       0
       0
       0
       0
       0
       0
       0
       0
       0
       0
       0
       0
       0
       0
       0
       0
       0
       0
       0
       0
       1
       1
       0
       1
       1
       1
       1
       3
       0
       0
       0
       1
       1
       0
       1
       0
       1
       1
       1
       1
       0
       2
       2
       1
       2
       1
       1
       1
       1
       0
       1
       0
       1
       1
       2
       1
       1
       1
       2
       1
       0
       1
       1
       0
       0
       0
       1
       1
       2
       1
       0
       1
       2
       0
       0
       1
       0
       1
       0
       0
       0
       1
       2
       2
       0
       0
       0
       0
       1
       2
       1
       0
       2
       2
       0
       0
       3
       0
       2
       0
       0
       0
       0
       0
       2
       0
       1
       0
       1
       2
       0
       0
       1
       1
       3
       0
       0
       0
       0
       1
       1
       1
       1
       1
       0
       0
       0
       0
       0
       0
       1
       0
       1
       2
       0
       0
       0
       1
       2
       1
       1
       2
       0
       0
       1
       0
       1
       0
       0
       0
       0
       0
       1
       2
       0
       1
       0
       0
       0
       2
       0
       1
       0
       1
       0
       0
       1
       1
       2
       1
       0
       0
       1
       0
       0
       1
       0
       1
       1
       0
       2
       1
       0
       2
       0
       0
       1
       2
       1
       0
       0
       0
       1
       0
       2
       2
       0
       1
       0
       1
       0
       0
       0
       2
$ROI:
0
$PRESETS:
None
0
0
$ENER_FIT:
0.000000 0.374432
$MCA_CAL:
3
0.000000E+000 3.744323E-001 0.000000E+000 keV
$SHAPE_CAL:
3
6.617742E+000 0.000000E+000 0.000000E+000
